 1  0  1  1     0.00     18.5      2.5  8.000     0.00      0.0      0.0  0.000
 1  0  1  1     0.00     20.1      2.1  8.000     0.00      0.0      0.0  0.000
 1  0  1  1     0.00     21.5      2.5  8.000     0.00      0.0      0.0  0.000
 1  0  1  1     0.00     21.2      2.2  8.000     0.00      0.0      0.0  0.000
 1  0  1  1     0.00     21.9      1.9  8.000     0.00      0.0      0.0  0.000
 1  0  1  1     0.00     22.0      2.0  8.000     0.00      0.0      0.0  0.000
 1  0  1  1     0.00     21.6      1.6  8.000     0.00      0.0      0.0  0.000
 1  0  1  1     0.00     22.5      1.5  8.000     0.00      0.0      0.0  0.000
 1  0  1  1     0.00     22.8      1.8  8.000     0.00      0.0      0.0  0.000
 1  0  1  1     0.00     22.8      1.8  8.000     0.00      0.0      0.0  0.000
 1  0  1  1     0.00     23.7      1.7  8.000     0.00      0.0      0.0  0.000
 1  0  1  1     0.00     17.6      2.6  8.000     0.00      0.0      0.0  0.000
 1  0  1  1     0.00     19.4      3.4  8.000     0.00      0.0      0.0  0.000
 1  0  1  1     0.00     19.9      2.9  8.000     0.00      0.0      0.0  0.000
 1  0  1  1     0.00     21.9      2.9  8.000     0.00      0.0      0.0  0.000
 1  0  1  1     0.00     22.2      3.2  8.000     0.00      0.0      0.0  0.000
 1  0  1  1     0.00     21.5      2.5  8.000     0.00      0.0      0.0  0.000
 1  0  1  1     0.00     23.2      3.2  8.000     0.00      0.0      0.0  0.000
 1  0  1  1     0.00     23.1      3.1  8.000     0.00      0.0      0.0  0.000
 1  0  1  1     0.00     22.8      2.8  8.000     0.00      0.0      0.0  0.000
 1  0  1  1     0.00     24.4      3.4  8.000     0.00      0.0      0.0  0.000
 1  0  1  1     0.00     23.9      2.9  8.000     0.00      0.0      0.0  0.000
 1  0  1  1     0.00     20.7      3.7  8.000     0.00      0.0      0.0  0.000
 1  0  1  1     0.00     22.5      4.5  8.000     0.00      0.0      0.0  0.000
 1  0  1  1     0.00     22.1      4.1  8.000     0.00      0.0      0.0  0.000
 1  0  1  1     0.00     23.2      4.2  8.000     0.00      0.0      0.0  0.000
 1  0  1  1     0.00     23.0      4.0  8.000     0.00      0.0      0.0  0.000
 1  0  1  1     0.00     22.8      3.8  8.000     0.00      0.0      0.0  0.000
 1  0  1  1     0.00     23.6      3.6  8.000     0.00      0.0      0.0  0.000
 1  0  1  1     0.00     24.3      4.3  8.000     0.00      0.0      0.0  0.000
 1  0  1  1     0.00     22.1      5.1  8.000     0.00      0.0      0.0  0.000
 1  0  1  1     0.00     23.2      5.2  8.000     0.00      0.0      0.0  0.000
 1  0  1  1     0.00     23.4      5.4  8.000     0.00      0.0      0.0  0.000
 1  0  1  1     0.00     23.2      5.2  8.000     0.00      0.0      0.0  0.000
 1  0  1  1     0.00     23.7      4.7  8.000     0.00      0.0      0.0  0.000
 1  0  1  1     0.00     24.1      5.1  8.000     0.00      0.0      0.0  0.000
 1  0  1  1     0.00     23.5      6.5  8.000     0.00      0.0      0.0  0.000
 1  0  1  1     0.00     23.5      6.5  8.000     0.00      0.0      0.0  0.000
 1  0  1  1     0.00     23.8      5.8  8.000     0.00      0.0      0.0  0.000
 1  0  1  1     0.00     24.1      6.1  8.000     0.00      0.0      0.0  0.000
 1  0  1  1     0.00     24.2      6.2  8.000     0.00      0.0      0.0  0.000
 1  0  1  1     0.00     23.1      7.1  8.000     0.00      0.0      0.0  0.000
 1  0  1  1     0.00     23.5      7.5  8.000     0.00      0.0      0.0  0.000
 1  0  1  1     0.00     23.4      7.4  8.000     0.00      0.0      0.0  0.000
 1  0  1  1     0.00     24.2      7.2  8.000     0.00      0.0      0.0  0.000
 1  0  1  1     0.00     24.2      7.2  8.000     0.00      0.0      0.0  0.000
 1  0  1  1     0.00     23.9      6.9  8.000     0.00      0.0      0.0  0.000
 1  0  1  1     0.00     25.4      7.4  8.000     0.00      0.0      0.0  0.000
 1  0  1  1     0.00     24.6      6.6  8.000     0.00      0.0      0.0  0.000
 1  0  1  1     0.00     23.2      8.2  8.000     0.00      0.0      0.0  0.000
 1  0  1  1     0.00     23.3      8.3  8.000     0.00      0.0      0.0  0.000
 1  0  1  1     0.00     23.8      7.8  8.000     0.00      0.0      0.0  0.000
 1  0  1  1     0.00     23.6      7.6  8.000     0.00      0.0      0.0  0.000
 1  0  1  1     0.00     25.1      8.1  8.000     0.00      0.0      0.0  0.000
 1  0  1  1     0.00     23.3      9.3  8.000     0.00      0.0      0.0  0.000
 1  0  1  1     0.00     24.4      9.4  8.000     0.00      0.0      0.0  0.000
 1  0  1  1     0.00     24.2      9.2  8.000     0.00      0.0      0.0  0.000
 1  0  1  1     0.00     24.0      9.0  8.000     0.00      0.0      0.0  0.000
 1  0  1  1     0.00     24.9      8.9  8.000     0.00      0.0      0.0  0.000
 1  0  1  1     0.00     22.9      9.9  8.000     0.00      0.0      0.0  0.000
 1  0  1  1     0.00     24.1     10.1  8.000     0.00      0.0      0.0  0.000
 1  0  1  1     0.00     24.5     10.5  8.000     0.00      0.0      0.0  0.000
 1  0  1  1     0.00     24.5     10.5  8.000     0.00      0.0      0.0  0.000
 1  0  1  1     0.00     25.2     10.2  8.000     0.00      0.0      0.0  0.000
 1  0  1  1     0.00     23.5     11.5  8.000     0.00      0.0      0.0  0.000
 1  0  1  1     0.00     23.6     10.6  8.000     0.00      0.0      0.0  0.000
 1  0  1  1     0.00     24.2     11.2  8.000     0.00      0.0      0.0  0.000
 1  0  1  1     0.00     24.3     11.3  8.000     0.00      0.0      0.0  0.000
 1  0  1  1     0.00     23.4     12.4  8.000     0.00      0.0      0.0  0.000
 1  0  1  1     0.00     24.2     12.2  8.000     0.00      0.0      0.0  0.000
 1  0  1  1     0.00     24.3     12.3  8.000     0.00      0.0      0.0  0.000
 1  0  1  1     0.00     24.1     12.1  8.000     0.00      0.0      0.0  0.000
 1  0  1  1     0.00     24.6     11.6  8.000     0.00      0.0      0.0  0.000
 1  0  1  1     0.00     23.0     13.0  8.000     0.00      0.0      0.0  0.000
 1  0  1  1     0.00     24.1     13.1  8.000     0.00      0.0      0.0  0.000
 1  0  1  1     0.00     23.6     12.6  8.000     0.00      0.0      0.0  0.000
 1  0  1  1     0.00     24.1     13.1  8.000     0.00      0.0      0.0  0.000
 1  0  1  1     0.00     25.0     13.0  8.000     0.00      0.0      0.0  0.000
 1  0  1  1     0.00     23.4     14.4  8.000     0.00      0.0      0.0  0.000
 1  0  1  1     0.00     23.8     13.8  8.000     0.00      0.0      0.0  0.000
 1  0  1  1     0.00     24.2     14.2  8.000     0.00      0.0      0.0  0.000
 1  0  1  1     0.00     24.2     14.2  8.000     0.00      0.0      0.0  0.000
 1  0  1  1     0.00     25.0     14.0  8.000     0.00      0.0      0.0  0.000
 1  0  1  1     0.00     13.8     14.8  8.000     0.00      0.0      0.0  0.000
 1  0  1  1     0.00     22.6     14.6  8.000     0.00      0.0      0.0  0.000
 1  0  1  1     0.00     22.6     14.6  8.000     0.00      0.0      0.0  0.000
 1  0  1  1     0.00     24.0     15.0  8.000     0.00      0.0      0.0  0.000
 1  0  1  1     0.00     21.9     15.9  8.000     0.00      0.0      0.0  0.000
 1  0  1  1     0.00     21.5     15.5  8.000     0.00      0.0      0.0  0.000
 1  0  1  1     0.00     23.3     16.3  8.000     0.00      0.0      0.0  0.000
 1  0  1  1     0.00     23.1     16.1  8.000     0.00      0.0      0.0  0.000
 1  0  1  1     0.00     24.3     16.3  8.000     0.00      0.0      0.0  0.000
 1  0  1  1     0.00     15.5     17.5  8.000     0.00      0.0      0.0  0.000
 1  0  1  1     0.00     15.6     16.6  8.000     0.00      0.0      0.0  0.000
 1  0  1  1     0.00     20.8     16.8  8.000     0.00      0.0      0.0  0.000
 1  0  1  1     0.00     22.1     17.1  8.000     0.00      0.0      0.0  0.000
 1  0  1  1     0.00     22.5     16.5  8.000     0.00      0.0      0.0  0.000
 1  0  1  1     0.00     22.6     16.6  8.000     0.00      0.0      0.0  0.000
 1  0  1  1     0.00     23.7     16.7  8.000     0.00      0.0      0.0  0.000
 1  0  1  1     0.00     23.6     16.6  8.000     0.00      0.0      0.0  0.000
 1  0  1  1     0.00     21.6     17.6  8.000     0.00      0.0      0.0  0.000
 1  0  1  1     0.00     22.7     17.7  8.000     0.00      0.0      0.0  0.000
 1  0  1  1     0.00     23.9     17.9  8.000     0.00      0.0      0.0  0.000
 1  0  1  1     0.00     23.7     17.7  8.000     0.00      0.0      0.0  0.000
 1  0  1  1     0.00     22.1     19.1  8.000     0.00      0.0      0.0  0.000
 1  0  1  1     0.00     22.5     18.5  8.000     0.00      0.0      0.0  0.000
 1  0  1  1     0.00     23.9     18.9  8.000     0.00      0.0      0.0  0.000
 1  0  1  1     0.00     23.9     18.9  8.000     0.00      0.0      0.0  0.000
 1  0  1  1     0.00     24.5     19.5  8.000     0.00      0.0      0.0  0.000
 1  0  1  1     0.00     25.2     19.2  8.000     0.00      0.0      0.0  0.000
 1  0  1  1     0.00     21.5     19.5  8.000     0.00      0.0      0.0  0.000
 1  0  1  1     0.00     22.6     19.6  8.000     0.00      0.0      0.0  0.000
 1  0  1  1     0.00     22.5     19.5  8.000     0.00      0.0      0.0  0.000
 1  0  1  1     0.00     23.3     21.3  8.000     0.00      0.0      0.0  0.000
 1  0  1  1     0.00     24.2     21.2  8.000     0.00      0.0      0.0  0.000
 1  0  1  1     0.00     24.1     21.1  8.000     0.00      0.0      0.0  0.000
 1  0  1  1     0.00     25.2     21.2  8.000     0.00      0.0      0.0  0.000
 1  0  1  1     0.00     24.6     20.6  8.000     0.00      0.0      0.0  0.000
 1  0  1  1     0.00     24.3     22.3  8.000     0.00      0.0      0.0  0.000
 1  0  1  1     0.00     24.3     22.3  8.000     0.00      0.0      0.0  0.000
 1  0  1  1     0.00     24.2     22.2  8.000     0.00      0.0      0.0  0.000
 1  0  1  1     0.00     25.3     22.3  8.000     0.00      0.0      0.0  0.000
 1  0  1  1     0.00     25.0     22.0  8.000     0.00      0.0      0.0  0.000
 1  0  1  1     0.00     24.2     23.2  8.000     0.00      0.0      0.0  0.000
 1  0  1  1     0.00     24.2     23.2  8.000     0.00      0.0      0.0  0.000
 1  0  1  1     0.00     24.9     22.9  8.000     0.00      0.0      0.0  0.000
 1  0  1  1     0.00     24.9     22.9  8.000     0.00      0.0      0.0  0.000
 1  0  1  1     0.00     25.2     23.2  8.000     0.00      0.0      0.0  0.000
 1  0  1  1     0.00     24.0     24.0  8.000     0.00      0.0      0.0  0.000
 1  0  1  1     0.00     24.0     24.0  8.000     0.00      0.0      0.0  0.000
 1  0  1  1     0.00     25.3     24.3  8.000     0.00      0.0      0.0  0.000
 1  0  1  1     0.00     25.2     24.2  8.000     0.00      0.0      0.0  0.000
 1  0  1  1     0.00     23.8     24.8  8.000     0.00      0.0      0.0  0.000
 1  0  1  1     0.00     24.4     25.4  8.000     0.00      0.0      0.0  0.000
 1  0  1  1     0.00     25.0     25.0  8.000     0.00      0.0      0.0  0.000
 1  0  1  1     0.00     25.3     25.3  8.000     0.00      0.0      0.0  0.000
 1  0  1  1     0.00     24.4     26.4  8.000     0.00      0.0      0.0  0.000
 1  0  1  1     0.00     25.2     26.2  8.000     0.00      0.0      0.0  0.000
 1  0  1  1     0.00     24.7     25.7  8.000     0.00      0.0      0.0  0.000
 1  0  1  1     0.00     24.4     27.4  8.000     0.00      0.0      0.0  0.000
 1  0  1  1     0.00     25.2     27.2  8.000     0.00      0.0      0.0  0.000
 1  0  1  1     0.00     24.8     26.8  8.000     0.00      0.0      0.0  0.000
 1  0  1  1     0.00     24.2     28.2  8.000     0.00      0.0      0.0  0.000
 1  0  1  1     0.00     25.1     28.1  8.000     0.00      0.0      0.0  0.000
 1  0  1  1     0.00     25.5     28.5  8.000     0.00      0.0      0.0  0.000
 1  0  1  1     0.00     25.5     28.5  8.000     0.00      0.0      0.0  0.000
 1  0  1  1     0.00     24.8     28.8  8.000     0.00      0.0      0.0  0.000
 1  0  1  1     0.00     25.4     29.4  8.000     0.00      0.0      0.0  0.000
 1  0  1  1     0.00     24.8     28.8  8.000     0.00      0.0      0.0  0.000
 1  0  1  1     0.00     26.4     29.4  8.000     0.00      0.0      0.0  0.000
 1  0  1  1     0.00     25.0     30.0  8.000     0.00      0.0      0.0  0.000
 1  0  1  1     0.00     25.0     30.0  8.000     0.00      0.0      0.0  0.000
 1  0  1  1     0.00     24.7     29.7  8.000     0.00      0.0      0.0  0.000
 1  0  1  1     0.00     25.9     29.9  8.000     0.00      0.0      0.0  0.000
 1  0  1  1     0.00     24.7     30.7  8.000     0.00      0.0      0.0  0.000
 1  0  1  1     0.00     24.9     30.9  8.000     0.00      0.0      0.0  0.000
 1  0  1  1     0.00     25.2     31.2  8.000     0.00      0.0      0.0  0.000
 1  0  1  1     0.00     26.1     31.1  8.000     0.00      0.0      0.0  0.000
 1  0  1  1     0.00     25.0     32.0  8.000     0.00      0.0      0.0  0.000
 1  0  1  1     0.00     24.8     31.8  8.000     0.00      0.0      0.0  0.000
 1  0  1  1     0.00     24.8     31.8  8.000     0.00      0.0      0.0  0.000
 1  0  1  1     0.00     25.7     31.7  8.000     0.00      0.0      0.0  0.000
 1  0  1  1     0.00     24.9     32.9  8.000     0.00      0.0      0.0  0.000
 1  0  1  1     0.00     25.5     33.5  8.000     0.00      0.0      0.0  0.000
 1  0  1  1     0.00     25.0     33.0  8.000     0.00      0.0      0.0  0.000
 1  0  1  1     0.00     25.6     32.6  8.000     0.00      0.0      0.0  0.000
 1  0  1  1     0.00     26.3     33.3  8.000     0.00      0.0      0.0  0.000
 1  0  1  1     0.00     25.3     34.3  8.000     0.00      0.0      0.0  0.000
 1  0  1  1     0.00     25.2     34.2  8.000     0.00      0.0      0.0  0.000
 1  0  1  1     0.00     26.0     34.0  8.000     0.00      0.0      0.0  0.000
 1  0  1  1     0.00     26.2     34.2  8.000     0.00      0.0      0.0  0.000
 1  0  1  1     0.00     18.4     35.4  8.000     0.00      0.0      0.0  0.000
 1  0  1  1     0.00     25.4     35.4  8.000     0.00      0.0      0.0  0.000
 1  0  1  1     0.00     25.6     34.6  8.000     0.00      0.0      0.0  0.000
 1  0  1  1     0.00     26.4     35.4  8.000     0.00      0.0      0.0  0.000
 1  0  1  1     0.00     18.1     36.1  8.000     0.00      0.0      0.0  0.000
 1  0  1  1     0.00     24.7     35.7  8.000     0.00      0.0      0.0  0.000
 1  0  1  1     0.00     25.7     35.7  8.000     0.00      0.0      0.0  0.000
 1  0  1  1     0.00     25.5     35.5  8.000     0.00      0.0      0.0  0.000
 1  0  1  1     0.00     25.7     35.7  8.000     0.00      0.0      0.0  0.000
 1  0  1  1     0.00     17.8     36.8  8.000     0.00      0.0      0.0  0.000
 1  0  1  1     0.00     25.3     37.3  8.000     0.00      0.0      0.0  0.000
 1  0  1  1     0.00     26.1     37.1  8.000     0.00      0.0      0.0  0.000
 1  0  1  1     0.00     26.3     37.3  8.000     0.00      0.0      0.0  0.000
 1  0  1  1     0.00     25.8     36.8  8.000     0.00      0.0      0.0  0.000
 1  0  1  1     0.00     16.7     37.7  8.000     0.00      0.0      0.0  0.000
 1  0  1  1     0.00     25.8     37.8  8.000     0.00      0.0      0.0  0.000
 1  0  1  1     0.00     25.8     37.8  8.000     0.00      0.0      0.0  0.000
 1  0  1  1     0.00     16.0     39.0  8.000     0.00      0.0      0.0  0.000
 1  0  1  1     0.00     26.1     39.1  8.000     0.00      0.0      0.0  0.000
 1  0  1  1     0.00     24.5     39.5  8.000     0.00      0.0      0.0  0.000
 1  0  1  1     0.00     25.6     39.6  8.000     0.00      0.0      0.0  0.000
 1  0  1  1     0.00     24.6     40.6  8.000     0.00      0.0      0.0  0.000
 1  0  1  1     0.00     26.1     41.1  8.000     0.00      0.0      0.0  0.000
 1  0  1  1     0.00     24.9     41.9  8.000     0.00      0.0      0.0  0.000
 1  0  1  1     0.00     25.4     42.4  8.000     0.00      0.0      0.0  0.000
 1  0  1  1     0.00     26.4     42.4  8.000     0.00      0.0      0.0  0.000
 1  0  1  1     0.00     24.7     42.7  8.000     0.00      0.0      0.0  0.000
 1  0  1  1     0.00     25.4     43.4  8.000     0.00      0.0      0.0  0.000
 1  0  1  1     0.00     24.6     42.6  8.000     0.00      0.0      0.0  0.000
 1  0  1  1     0.00     25.9     42.9  8.000     0.00      0.0      0.0  0.000
 1  0  1  1     0.00     24.8     43.8  8.000     0.00      0.0      0.0  0.000
 1  0  1  1     0.00     25.2     44.2  8.000     0.00      0.0      0.0  0.000
 1  0  1  1     0.00     26.2     44.2  8.000     0.00      0.0      0.0  0.000
 1  0  1  1     0.00     24.9     44.9  8.000     0.00      0.0      0.0  0.000
 1  0  1  1     0.00     25.3     45.3  8.000     0.00      0.0      0.0  0.000
 1  0  1  1     0.00     25.5     45.5  8.000     0.00      0.0      0.0  0.000
 1  0  1  1     0.00     25.8     44.8  8.000     0.00      0.0      0.0  0.000
 1  0  1  1     0.00     26.1     45.1  8.000     0.00      0.0      0.0  0.000
 1  0  1  1     0.00     25.7     45.7  8.000     0.00      0.0      0.0  0.000
 1  0  1  1     0.00     25.3     48.3  8.000     0.00      0.0      0.0  0.000
 1  0  1  1     0.00     24.8     47.8  8.000     0.00      0.0      0.0  0.000
 1  0  1  1     0.00     25.3     48.3  8.000     0.00      0.0      0.0  0.000
 1  0  1  1     0.00     26.0     48.0  8.000     0.00      0.0      0.0  0.000
 1  0  1  1     0.00     24.1     49.1  8.000     0.00      0.0      0.0  0.000
 1  0  1  1     0.00     25.0     49.0  8.000     0.00      0.0      0.0  0.000
 1  0  1  1     0.00     24.8     48.8  8.000     0.00      0.0      0.0  0.000
 1  0  1  1     0.00     24.7     48.7  8.000     0.00      0.0      0.0  0.000
 1  0  1  1     0.00     26.2     49.2  8.000     0.00      0.0      0.0  0.000
 1  0  1  1     0.00     26.1     49.1  8.000     0.00      0.0      0.0  0.000
 1  0  1  1     0.00     24.9     49.9  8.000     0.00      0.0      0.0  0.000
 1  0  1  1     0.00     25.3     50.3  8.000     0.00      0.0      0.0  0.000
 1  0  1  1     0.00     25.1     50.1  8.000     0.00      0.0      0.0  0.000
 1  0  1  1     0.00     25.8     49.8  8.000     0.00      0.0      0.0  0.000
 1  0  1  1     0.00     25.9     49.9  8.000     0.00      0.0      0.0  0.000
 1  0  1  1     0.00     25.1     51.1  8.000     0.00      0.0      0.0  0.000
 1  0  1  1     0.00     24.6     50.6  8.000     0.00      0.0      0.0  0.000
 1  0  1  1     0.00     25.5     51.5  8.000     0.00      0.0      0.0  0.000
 1  0  1  1     0.00     25.9     50.9  8.000     0.00      0.0      0.0  0.000
 1  0  1  1     0.00     26.2     51.2  8.000     0.00      0.0      0.0  0.000
 1  0  1  1     0.00     24.9     51.9  8.000     0.00      0.0      0.0  0.000
 1  0  1  1     0.00     25.4     52.4  8.000     0.00      0.0      0.0  0.000
 1  0  1  1     0.00     25.0     52.0  8.000     0.00      0.0      0.0  0.000
 1  0  1  1     0.00     26.5     52.5  8.000     0.00      0.0      0.0  0.000
 1  0  1  1     0.00     25.4     53.4  8.000     0.00      0.0      0.0  0.000
 1  0  1  1     0.00     25.1     53.1  8.000     0.00      0.0      0.0  0.000
 1  0  1  1     0.00     24.8     52.8  8.000     0.00      0.0      0.0  0.000
 1  0  1  1     0.00     25.7     52.7  8.000     0.00      0.0      0.0  0.000
 1  0  1  1     0.00     25.3     54.3  8.000     0.00      0.0      0.0  0.000
 1  0  1  1     0.00     25.1     54.1  8.000     0.00      0.0      0.0  0.000
 1  0  1  1     0.00     23.2     55.2  8.000     0.00      0.0      0.0  0.000
 1  0  1  1     0.00     22.7     54.7  8.000     0.00      0.0      0.0  0.000
 1  0  1  1     0.00     24.3     55.3  8.000     0.00      0.0      0.0  0.000
 1  0  1  1     0.00     23.9     54.9  8.000     0.00      0.0      0.0  0.000
 1  0  1  1     0.00     24.6     54.6  8.000     0.00      0.0      0.0  0.000
 1  0  1  1     0.00     24.3     56.3  8.000     0.00      0.0      0.0  0.000
 1  0  1  1     0.00     23.5     55.5  8.000     0.00      0.0      0.0  0.000
 1  0  1  1     0.00     24.2     56.2  8.000     0.00      0.0      0.0  0.000
 1  0  1  1     0.00     25.0     56.0  8.000     0.00      0.0      0.0  0.000
 1  0  1  1     0.00     24.3     57.3  8.000     0.00      0.0      0.0  0.000
 1  0  1  1     0.00     24.1     57.1  8.000     0.00      0.0      0.0  0.000
 1  0  1  1     0.00     25.4     57.4  8.000     0.00      0.0      0.0  0.000
 1  0  1  1     0.00     25.3     57.3  8.000     0.00      0.0      0.0  0.000
 1  0  1  1     0.00     23.5     58.5  8.000     0.00      0.0      0.0  0.000
 1  0  1  1     0.00     23.7     57.7  8.000     0.00      0.0      0.0  0.000
 1  0  1  1     0.00     24.1     58.1  8.000     0.00      0.0      0.0  0.000
 1  0  1  1     0.00     24.5     58.5  8.000     0.00      0.0      0.0  0.000
 1  0  1  1     0.00     25.3     58.3  8.000     0.00      0.0      0.0  0.000
 1  0  1  1     0.00     22.7     58.7  8.000     0.00      0.0      0.0  0.000
 1  0  1  1     0.00     23.2     59.2  8.000     0.00      0.0      0.0  0.000
 1  0  1  1     0.00     23.8     58.8  8.000     0.00      0.0      0.0  0.000
 1  0  1  1     0.00     23.5     58.5  8.000     0.00      0.0      0.0  0.000
 1  0  1  1     0.00     25.4     59.4  8.000     0.00      0.0      0.0  0.000
 1  0  1  1     0.00     25.2     59.2  8.000     0.00      0.0      0.0  0.000
 1  0  1  1     0.00     24.3     60.3  8.000     0.00      0.0      0.0  0.000
 1  0  1  1     0.00     25.4     60.4  8.000     0.00      0.0      0.0  0.000
 1  0  1  1     0.00     24.6     59.6  8.000     0.00      0.0      0.0  0.000
 1  0  1  1     0.00     25.0     60.0  8.000     0.00      0.0      0.0  0.000
 1  0  1  1     0.00     24.6     60.6  8.000     0.00      0.0      0.0  0.000
 1  0  1  1     0.00     24.7     60.7  8.000     0.00      0.0      0.0  0.000
 1  0  1  1     0.00     25.2     61.2  8.000     0.00      0.0      0.0  0.000
 1  0  1  1     0.00     24.8     60.8  8.000     0.00      0.0      0.0  0.000
 1  0  1  1     0.00     25.2     62.2  8.000     0.00      0.0      0.0  0.000
 1  0  1  1     0.00     25.3     62.3  8.000     0.00      0.0      0.0  0.000
 1  0  1  1     0.00     24.9     61.9  8.000     0.00      0.0      0.0  0.000
 1  0  1  1     0.00     25.6     61.6  8.000     0.00      0.0      0.0  0.000
 1  0  1  1     0.00     24.5     62.5  8.000     0.00      0.0      0.0  0.000
 1  0  1  1     0.00     25.3     63.3  8.000     0.00      0.0      0.0  0.000
 1  0  1  1     0.00     25.2     63.2  8.000     0.00      0.0      0.0  0.000
 1  0  1  1     0.00     25.8     62.8  8.000     0.00      0.0      0.0  0.000
 1  0  1  1     0.00     26.0     63.0  8.000     0.00      0.0      0.0  0.000
 1  0  1  1     0.00     24.0     64.0  8.000     0.00      0.0      0.0  0.000
 1  0  1  1     0.00     23.9     63.9  8.000     0.00      0.0      0.0  0.000
 1  0  1  1     0.00     25.1     64.1  8.000     0.00      0.0      0.0  0.000
 1  0  1  1     0.00     24.8     63.8  8.000     0.00      0.0      0.0  0.000
 1  0  1  1     0.00     24.8     63.8  8.000     0.00      0.0      0.0  0.000
 1  0  1  1     0.00     24.6     63.6  8.000     0.00      0.0      0.0  0.000
 1  0  1  1     0.00     26.5     64.5  8.000     0.00      0.0      0.0  0.000
 1  0  1  1     0.00     24.2     65.2  8.000     0.00      0.0      0.0  0.000
 1  0  1  1     0.00     25.3     65.3  8.000     0.00      0.0      0.0  0.000
 1  0  1  1     0.00     23.8     65.8  8.000     0.00      0.0      0.0  0.000
 1  0  1  1     0.00     23.7     65.7  8.000     0.00      0.0      0.0  0.000
 1  0  1  1     0.00     24.8     65.8  8.000     0.00      0.0      0.0  0.000
 1  0  1  1     0.00     24.1     67.1  8.000     0.00      0.0      0.0  0.000
 1  0  1  1     0.00     24.4     67.4  8.000     0.00      0.0      0.0  0.000
 1  0  1  1     0.00     24.5     68.5  8.000     0.00      0.0      0.0  0.000
 1  0  1  1     0.00     23.7     67.7  8.000     0.00      0.0      0.0  0.000
 1  0  1  1     0.00     24.4     68.4  8.000     0.00      0.0      0.0  0.000
 1  0  1  1     0.00     25.3     68.3  8.000     0.00      0.0      0.0  0.000
 1  0  1  1     0.00     24.2     69.2  8.000     0.00      0.0      0.0  0.000
 1  0  1  1     0.00     24.1     69.1  8.000     0.00      0.0      0.0  0.000
 1  0  1  1     0.00     23.9     68.9  8.000     0.00      0.0      0.0  0.000
 1  0  1  1     0.00     24.7     68.7  8.000     0.00      0.0      0.0  0.000
 1  0  1  1     0.00     24.4     70.4  8.000     0.00      0.0      0.0  0.000
 1  0  1  1     0.00     23.6     69.6  8.000     0.00      0.0      0.0  0.000
 1  0  1  1     0.00     23.9     69.9  8.000     0.00      0.0      0.0  0.000
 1  0  1  1     0.00     24.0     71.0  8.000     0.00      0.0      0.0  0.000
 1  0  1  1     0.00     23.8     70.8  8.000     0.00      0.0      0.0  0.000
 1  0  1  1     0.00     24.0     71.0  8.000     0.00      0.0      0.0  0.000
 1  0  1  1     0.00     23.2     72.2  8.000     0.00      0.0      0.0  0.000
 1  0  1  1     0.00     24.3     72.3  8.000     0.00      0.0      0.0  0.000
 1  0  1  1     0.00     23.9     71.9  8.000     0.00      0.0      0.0  0.000
 1  0  1  1     0.00     23.8     71.8  8.000     0.00      0.0      0.0  0.000
 1  0  1  1     0.00     23.1     73.1  8.000     0.00      0.0      0.0  0.000
 1  0  1  1     0.00     24.2     73.2  8.000     0.00      0.0      0.0  0.000
 1  0  1  1     0.00     23.6     72.6  8.000     0.00      0.0      0.0  0.000
 1  0  1  1     0.00     23.8     72.8  8.000     0.00      0.0      0.0  0.000
 1  0  1  1     0.00     23.7     73.7  8.000     0.00      0.0      0.0  0.000
 1  0  1  1     0.00     24.0     74.0  8.000     0.00      0.0      0.0  0.000
 1  0  1  1     0.00     24.2     74.2  8.000     0.00      0.0      0.0  0.000
 1  0  1  1     0.00     24.7     73.7  8.000     0.00      0.0      0.0  0.000
 1  0  1  1     0.00     23.7     74.7  8.000     0.00      0.0      0.0  0.000
 1  0  1  1     0.00     24.5     75.5  8.000     0.00      0.0      0.0  0.000
 1  0  1  1     0.00     24.5     75.5  8.000     0.00      0.0      0.0  0.000
 1  0  1  1     0.00     24.6     74.6  8.000     0.00      0.0      0.0  0.000
 1  0  1  1     0.00     23.8     75.8  8.000     0.00      0.0      0.0  0.000
 1  0  1  1     0.00     23.7     76.7  8.000     0.00      0.0      0.0  0.000
 1  0  1  1     0.00     24.7     77.7  8.000     0.00      0.0      0.0  0.000
 1  0  1  1     0.00     25.4     78.4  8.000     0.00      0.0      0.0  0.000
 1  0  1  1     0.00     24.5     77.5  8.000     0.00      0.0      0.0  0.000
 1  0  1  1     0.00     26.4     78.4  8.000     0.00      0.0      0.0  0.000
 1  0  1  1     0.00     25.6     77.6  8.000     0.00      0.0      0.0  0.000
 1  0  1  1     0.00     25.9     77.9  8.000     0.00      0.0      0.0  0.000
 1  0  1  1     0.00     26.6     77.6  8.000     0.00      0.0      0.0  0.000
 1  0  1  1     0.00     24.6     78.6  8.000     0.00      0.0      0.0  0.000
 1  0  1  1     0.00     25.8     78.8  8.000     0.00      0.0      0.0  0.000
 1  0  1  1     0.00     26.1     79.1  8.000     0.00      0.0      0.0  0.000
 1  0  1  1     0.00     26.2     79.2  8.000     0.00      0.0      0.0  0.000
 1  0  1  1     0.00     27.4     79.4  8.000     0.00      0.0      0.0  0.000
 1  0  1  1     0.00     27.3     79.3  8.000     0.00      0.0      0.0  0.000
 1  0  1  1     0.00     27.1     79.1  8.000     0.00      0.0      0.0  0.000
 1  0  1  1     0.00     27.7     78.7  8.000     0.00      0.0      0.0  0.000
 1  0  1  1     0.00     26.0     80.0  8.000     0.00      0.0      0.0  0.000
 1  0  1  1     0.00     27.1     80.1  8.000     0.00      0.0      0.0  0.000
 1  0  1  1     0.00     27.5     80.5  8.000     0.00      0.0      0.0  0.000
 1  0  1  1     0.00     27.1     80.1  8.000     0.00      0.0      0.0  0.000
 1  0  1  1     0.00     27.9     79.9  8.000     0.00      0.0      0.0  0.000
 1  0  1  1     0.00     27.8     79.8  8.000     0.00      0.0      0.0  0.000
 1  0  1  1     0.00     28.2     80.2  8.000     0.00      0.0      0.0  0.000
 1  0  1  1     0.00     27.1     81.1  8.000     0.00      0.0      0.0  0.000
 1  0  1  1     0.00     28.0     81.0  8.000     0.00      0.0      0.0  0.000
 1  0  1  1     0.00     28.1     81.1  8.000     0.00      0.0      0.0  0.000
 1  0  1  1     0.00     28.2     81.2  8.000     0.00      0.0      0.0  0.000
 1  0  1  1     0.00     28.7     80.7  8.000     0.00      0.0      0.0  0.000
 1  0  1  1     0.00     27.8     81.8  8.000     0.00      0.0      0.0  0.000
 1  0  1  1     0.00     27.9     81.9  8.000     0.00      0.0      0.0  0.000
 1  0  1  1     0.00     28.0     82.0  8.000     0.00      0.0      0.0  0.000
 1  0  1  1     0.00     28.9     81.9  8.000     0.00      0.0      0.0  0.000
 1  0  1  1     0.00     29.2     83.2  8.000     0.00      0.0      0.0  0.000
 1  0  1  1     0.00     28.8     82.8  8.000     0.00      0.0      0.0  0.000
 1  0  1  1     0.00     28.7     82.7  8.000     0.00      0.0      0.0  0.000
 1  0  1  1     0.00     29.7     82.7  8.000     0.00      0.0      0.0  0.000
 1  0  1  1     0.00     29.9     82.9  8.000     0.00      0.0      0.0  0.000
 1  0  1  1     0.00     29.2     84.2  8.000     0.00      0.0      0.0  0.000
 1  0  1  1     0.00     28.6     83.6  8.000     0.00      0.0      0.0  0.000
 1  0  1  1     0.00     29.6     83.6  8.000     0.00      0.0      0.0  0.000
 1  0  1  1     0.00     28.2     85.2  8.000     0.00      0.0      0.0  0.000
 1  0  1  1     0.00     29.1     85.1  8.000     0.00      0.0      0.0  0.000
 1  0  1  1     0.00     30.3     85.3  8.000     0.00      0.0      0.0  0.000
 1  0  1  1     0.00     30.3     85.3  8.000     0.00      0.0      0.0  0.000
 1  0  1  1     0.00     31.3     85.3  8.000     0.00      0.0      0.0  0.000
 1  0  1  1     0.00     31.4     85.4  8.000     0.00      0.0      0.0  0.000
 1  0  1  1     0.00     30.6     85.6  8.000     0.00      0.0      0.0  0.000
 1  0  1  1     0.00     30.8     85.8  8.000     0.00      0.0      0.0  0.000
 1  0  1  1     0.00     31.1     86.1  8.000     0.00      0.0      0.0  0.000
 1  0  1  1     0.00     31.6     85.6  8.000     0.00      0.0      0.0  0.000
 1  0  1  1     0.00     32.3     86.3  8.000     0.00      0.0      0.0  0.000
 1  0  1  1     0.00     32.0     86.0  8.000     0.00      0.0      0.0  0.000
 1  0  1  1     0.00     32.8     85.8  8.000     0.00      0.0      0.0  0.000
 1  0  1  1     0.00     21.0     87.0  8.000     0.00      0.0      0.0  0.000
 1  0  1  1     0.00     22.0     87.0  8.000     0.00      0.0      0.0  0.000
 1  0  1  1     0.00     31.0     87.0  8.000     0.00      0.0      0.0  0.000
 1  0  1  1     0.00     31.5     87.5  8.000     0.00      0.0      0.0  0.000
 1  0  1  1     0.00     32.1     87.1  8.000     0.00      0.0      0.0  0.000
 1  0  1  1     0.00     31.7     86.7  8.000     0.00      0.0      0.0  0.000
 1  0  1  1     0.00     31.7     86.7  8.000     0.00      0.0      0.0  0.000
 1  0  1  1     0.00     32.7     86.7  8.000     0.00      0.0      0.0  0.000
 1  0  1  1     0.00     34.5     87.5  8.000     0.00      0.0      0.0  0.000
 1  0  1  1     0.00     20.3     88.3  8.000     0.00      0.0      0.0  0.000
 1  0  1  1     0.00     20.8     87.8  8.000     0.00      0.0      0.0  0.000
 1  0  1  1     0.00     22.0     88.0  8.000     0.00      0.0      0.0  0.000
 1  0  1  1     0.00     22.9     87.9  8.000     0.00      0.0      0.0  0.000
 1  0  1  1     0.00     31.1     88.1  8.000     0.00      0.0      0.0  0.000
 1  0  1  1     0.00     31.6     87.6  8.000     0.00      0.0      0.0  0.000
 1  0  1  1     0.00     32.2     88.2  8.000     0.00      0.0      0.0  0.000
 1  0  1  1     0.00     32.4     88.4  8.000     0.00      0.0      0.0  0.000
 1  0  1  1     0.00     32.8     87.8  8.000     0.00      0.0      0.0  0.000
 1  0  1  1     0.00     21.2     89.2  8.000     0.00      0.0      0.0  0.000
 1  0  1  1     0.00     22.1     89.1  8.000     0.00      0.0      0.0  0.000
 1  0  1  1     0.00     29.6     88.6  8.000     0.00      0.0      0.0  0.000
 1  0  1  1     0.00     31.2     89.2  8.000     0.00      0.0      0.0  0.000
 1  0  1  1     0.00     31.1     89.1  8.000     0.00      0.0      0.0  0.000
 1  0  1  1     0.00     31.7     88.7  8.000     0.00      0.0      0.0  0.000
 1  0  1  1     0.00     29.6     89.6  8.000     0.00      0.0      0.0  0.000
 1  0  1  1     0.00     29.8     89.8  8.000     0.00      0.0      0.0  0.000
 1  0  1  1     0.00     32.4     90.4  8.000     0.00      0.0      0.0  0.000
 1  0  1  1     0.00     20.7     90.7  8.000     0.00      0.0      0.0  0.000
 1  0  1  1     0.00     22.0     91.0  8.000     0.00      0.0      0.0  0.000
 1  0  1  1     0.00     29.2     91.2  8.000     0.00      0.0      0.0  0.000
 1  0  1  1     0.00     28.5     90.5  8.000     0.00      0.0      0.0  0.000
 1  0  1  1     0.00     30.0     91.0  8.000     0.00      0.0      0.0  0.000
 1  0  1  1     0.00     30.3     91.3  8.000     0.00      0.0      0.0  0.000
 1  0  1  1     0.00     30.4     91.4  8.000     0.00      0.0      0.0  0.000
 1  0  1  1     0.00     31.4     91.4  8.000     0.00      0.0      0.0  0.000
 1  0  1  1     0.00     31.8     90.8  8.000     0.00      0.0      0.0  0.000
 1  0  1  1     0.00     34.0     91.0  8.000     0.00      0.0      0.0  0.000
 1  0  1  1     0.00     20.7     91.7  8.000     0.00      0.0      0.0  0.000
 1  0  1  1     0.00     21.8     91.8  8.000     0.00      0.0      0.0  0.000
 1  0  1  1     0.00     21.6     91.6  8.000     0.00      0.0      0.0  0.000
 1  0  1  1     0.00     22.8     91.8  8.000     0.00      0.0      0.0  0.000
 1  0  1  1     0.00     27.7     91.7  8.000     0.00      0.0      0.0  0.000
 1  0  1  1     0.00     28.3     92.3  8.000     0.00      0.0      0.0  0.000
 1  0  1  1     0.00     29.5     92.5  8.000     0.00      0.0      0.0  0.000
 1  0  1  1     0.00     29.9     91.9  8.000     0.00      0.0      0.0  0.000
 1  0  1  1     0.00     30.3     92.3  8.000     0.00      0.0      0.0  0.000
 1  0  1  1     0.00     31.0     92.0  8.000     0.00      0.0      0.0  0.000
 1  0  1  1     0.00     32.4     92.4  8.000     0.00      0.0      0.0  0.000
 1  0  1  1     0.00     33.2     92.2  8.000     0.00      0.0      0.0  0.000
 1  0  1  1     0.00     33.1     92.1  8.000     0.00      0.0      0.0  0.000
 1  0  1  1     0.00     34.2     92.2  8.000     0.00      0.0      0.0  0.000
 1  0  1  1     0.00     34.1     92.1  8.000     0.00      0.0      0.0  0.000
 1  0  1  1     0.00     33.5     91.5  8.000     0.00      0.0      0.0  0.000
 1  0  1  1     0.00     21.8     92.8  8.000     0.00      0.0      0.0  0.000
 1  0  1  1     0.00     23.7     92.7  8.000     0.00      0.0      0.0  0.000
 1  0  1  1     0.00     25.4     93.4  8.000     0.00      0.0      0.0  0.000
 1  0  1  1     0.00     25.0     93.0  8.000     0.00      0.0      0.0  0.000
 1  0  1  1     0.00     25.5     92.5  8.000     0.00      0.0      0.0  0.000
 1  0  1  1     0.00     27.0     93.0  8.000     0.00      0.0      0.0  0.000
 1  0  1  1     0.00     32.5     93.5  8.000     0.00      0.0      0.0  0.000
 1  0  1  1     0.00     33.5     93.5  8.000     0.00      0.0      0.0  0.000
 1  0  1  1     0.00     33.8     92.8  8.000     0.00      0.0      0.0  0.000
 1  0  1  1     0.00     34.5     93.5  8.000     0.00      0.0      0.0  0.000
 1  0  1  1     0.00     33.8     92.8  8.000     0.00      0.0      0.0  0.000
 1  0  1  1     0.00     35.2     93.2  8.000     0.00      0.0      0.0  0.000
 1  0  1  1     0.00     35.3     93.3  8.000     0.00      0.0      0.0  0.000
 1  0  1  1     0.00     34.2     94.2  8.000     0.00      0.0      0.0  0.000
 1  0  1  1     0.00     34.2     94.2  8.000     0.00      0.0      0.0  0.000
 1  0  1  1     0.00     33.9     93.9  8.000     0.00      0.0      0.0  0.000
 1  0  1  1     0.00     34.9     93.9  8.000     0.00      0.0      0.0  0.000
 1  0  1  1     0.00     35.4     94.4  8.000     0.00      0.0      0.0  0.000
 1  0  1  1     0.00     34.2     95.2  8.000     0.00      0.0      0.0  0.000
 1  0  1  1     0.00     33.9     94.9  8.000     0.00      0.0      0.0  0.000
 1  0  1  1     0.00     34.7     94.7  8.000     0.00      0.0      0.0  0.000
 1  0  1  1     0.00     35.2     95.2  8.000     0.00      0.0      0.0  0.000
 1  0  1  1     0.00     35.3     95.3  8.000     0.00      0.0      0.0  0.000
 1  0  1  1     0.00     36.1     95.1  8.000     0.00      0.0      0.0  0.000
 1  0  1  1     0.00     35.4     96.4  8.000     0.00      0.0      0.0  0.000
 1  0  1  1     0.00     34.9     95.9  8.000     0.00      0.0      0.0  0.000
 1  0  1  1     0.00     34.7     95.7  8.000     0.00      0.0      0.0  0.000
 1  0  1  1     0.00     35.8     95.8  8.000     0.00      0.0      0.0  0.000
 1  0  1  1     0.00     35.9     95.9  8.000     0.00      0.0      0.0  0.000
 1  0  1  1     0.00     34.5     96.5  8.000     0.00      0.0      0.0  0.000
 1  0  1  1     0.00     34.9     96.9  8.000     0.00      0.0      0.0  0.000
 1  0  1  1     0.00     36.2     97.2  8.000     0.00      0.0      0.0  0.000
 1  0  1  1     0.00     37.4     97.4  8.000     0.00      0.0      0.0  0.000
 1  0  1  1     0.00     22.8     97.8  8.000     0.00      0.0      0.0  0.000
 1  0  1  1     0.00     35.3     98.3  8.000     0.00      0.0      0.0  0.000
 1  0  1  1     0.00     35.3     98.3  8.000     0.00      0.0      0.0  0.000
 1  0  1  1     0.00     35.9     97.9  8.000     0.00      0.0      0.0  0.000
 1  0  1  1     0.00     36.4     98.4  8.000     0.00      0.0      0.0  0.000
 1  0  1  1     0.00     36.4     98.4  8.000     0.00      0.0      0.0  0.000
 1  0  1  1     0.00     37.0     98.0  8.000     0.00      0.0      0.0  0.000
 1  0  1  1     0.00     22.3     99.3  8.000     0.00      0.0      0.0  0.000
 1  0  1  1     0.00     35.0     99.0  8.000     0.00      0.0      0.0  0.000
 1  0  1  1     0.00     35.7     98.7  8.000     0.00      0.0      0.0  0.000
 1  0  1  1     0.00     35.9     98.9  8.000     0.00      0.0      0.0  0.000
 1  0  1  1     0.00     35.9     98.9  8.000     0.00      0.0      0.0  0.000
 1  0  1  1     0.00     35.6     98.6  8.000     0.00      0.0      0.0  0.000
 1  0  1  1     0.00     37.2     99.2  8.000     0.00      0.0      0.0  0.000
 1  0  1  1     0.00     37.4     99.4  8.000     0.00      0.0      0.0  0.000
 1  0  1  1     0.00     37.9     98.9  8.000     0.00      0.0      0.0  0.000
 1  0  1  1     0.00     35.7     99.7  8.000     0.00      0.0      0.0  0.000
 1  0  1  1     0.00     35.9     99.9  8.000     0.00      0.0      0.0  0.000
 1  0  1  1     0.00     36.5    100.5  8.000     0.00      0.0      0.0  0.000
 1  0  1  1     0.00     37.2    100.2  8.000     0.00      0.0      0.0  0.000
 1  0  1  1     0.00     36.7     99.7  8.000     0.00      0.0      0.0  0.000
 1  0  1  1     0.00     37.4    100.4  8.000     0.00      0.0      0.0  0.000
 1  0  1  1     0.00     21.7    100.7  8.000     0.00      0.0      0.0  0.000
 1  0  1  1     0.00     34.6    100.6  8.000     0.00      0.0      0.0  0.000
 1  0  1  1     0.00     36.3    101.3  8.000     0.00      0.0      0.0  0.000
 1  0  1  1     0.00     36.0    101.0  8.000     0.00      0.0      0.0  0.000
 1  0  1  1     0.00     37.5    101.5  8.000     0.00      0.0      0.0  0.000
 1  0  1  1     0.00     36.9    100.9  8.000     0.00      0.0      0.0  0.000
 1  0  1  1     0.00     37.3    101.3  8.000     0.00      0.0      0.0  0.000
 1  0  1  1     0.00     36.7    100.7  8.000     0.00      0.0      0.0  0.000
 1  0  1  1     0.00     38.5    101.5  8.000     0.00      0.0      0.0  0.000
 1  0  1  1     0.00     37.9    100.9  8.000     0.00      0.0      0.0  0.000
 1  0  1  1     0.00     37.1    102.1  8.000     0.00      0.0      0.0  0.000
 1  0  1  1     0.00     36.6    101.6  8.000     0.00      0.0      0.0  0.000
 1  0  1  1     0.00     37.3    102.3  8.000     0.00      0.0      0.0  0.000
 1  0  1  1     0.00     37.6    101.6  8.000     0.00      0.0      0.0  0.000
 1  0  1  1     0.00     38.1    102.1  8.000     0.00      0.0      0.0  0.000
 1  0  1  1     0.00     38.3    102.3  8.000     0.00      0.0      0.0  0.000
 1  0  1  1     0.00     38.9    101.9  8.000     0.00      0.0      0.0  0.000
 1  0  1  1     0.00     37.4    103.4  8.000     0.00      0.0      0.0  0.000
 1  0  1  1     0.00     37.1    103.1  8.000     0.00      0.0      0.0  0.000
 1  0  1  1     0.00     37.1    103.1  8.000     0.00      0.0      0.0  0.000
 1  0  1  1     0.00     37.7    102.7  8.000     0.00      0.0      0.0  0.000
 1  0  1  1     0.00     38.3    103.3  8.000     0.00      0.0      0.0  0.000
 1  0  1  1     0.00     37.9    102.9  8.000     0.00      0.0      0.0  0.000
 1  0  1  1     0.00     38.7    102.7  8.000     0.00      0.0      0.0  0.000
 1  0  1  1     0.00     38.8    102.8  8.000     0.00      0.0      0.0  0.000
 1  0  1  1     0.00     40.2    103.2  8.000     0.00      0.0      0.0  0.000
 1  0  1  1     0.00     17.9    103.9  8.000     0.00      0.0      0.0  0.000
 1  0  1  1     0.00     37.0    104.0  8.000     0.00      0.0      0.0  0.000
 1  0  1  1     0.00     37.4    104.4  8.000     0.00      0.0      0.0  0.000
 1  0  1  1     0.00     37.9    103.9  8.000     0.00      0.0      0.0  0.000
 1  0  1  1     0.00     38.2    104.2  8.000     0.00      0.0      0.0  0.000
 1  0  1  1     0.00     38.3    104.3  8.000     0.00      0.0      0.0  0.000
 1  0  1  1     0.00     39.3    104.3  8.000     0.00      0.0      0.0  0.000
 1  0  1  1     0.00     39.7    103.7  8.000     0.00      0.0      0.0  0.000
 1  0  1  1     0.00     17.8    104.8  8.000     0.00      0.0      0.0  0.000
 1  0  1  1     0.00     36.2    105.2  8.000     0.00      0.0      0.0  0.000
 1  0  1  1     0.00     36.4    105.4  8.000     0.00      0.0      0.0  0.000
 1  0  1  1     0.00     36.9    104.9  8.000     0.00      0.0      0.0  0.000
 1  0  1  1     0.00     36.5    104.5  8.000     0.00      0.0      0.0  0.000
 1  0  1  1     0.00     37.9    104.9  8.000     0.00      0.0      0.0  0.000
 1  0  1  1     0.00     38.5    105.5  8.000     0.00      0.0      0.0  0.000
 1  0  1  1     0.00     38.5    105.5  8.000     0.00      0.0      0.0  0.000
 1  0  1  1     0.00     38.5    105.5  8.000     0.00      0.0      0.0  0.000
 1  0  1  1     0.00     39.5    105.5  8.000     0.00      0.0      0.0  0.000
 1  0  1  1     0.00     38.9    104.9  8.000     0.00      0.0      0.0  0.000
 1  0  1  1     0.00     39.6    104.6  8.000     0.00      0.0      0.0  0.000
 1  0  1  1     0.00     28.3    106.3  8.000     0.00      0.0      0.0  0.000
 1  0  1  1     0.00     35.3    106.3  8.000     0.00      0.0      0.0  0.000
 1  0  1  1     0.00     36.2    106.2  8.000     0.00      0.0      0.0  0.000
 1  0  1  1     0.00     35.9    105.9  8.000     0.00      0.0      0.0  0.000
 1  0  1  1     0.00     36.1    106.1  8.000     0.00      0.0      0.0  0.000
 1  0  1  1     0.00     36.8    105.8  8.000     0.00      0.0      0.0  0.000
 1  0  1  1     0.00     36.8    105.8  8.000     0.00      0.0      0.0  0.000
 1  0  1  1     0.00     37.2    106.2  8.000     0.00      0.0      0.0  0.000
 1  0  1  1     0.00     38.3    106.3  8.000     0.00      0.0      0.0  0.000
 1  0  1  1     0.00     38.1    106.1  8.000     0.00      0.0      0.0  0.000
 1  0  1  1     0.00     38.1    106.1  8.000     0.00      0.0      0.0  0.000
 1  0  1  1     0.00     38.8    105.8  8.000     0.00      0.0      0.0  0.000
 1  0  1  1     0.00     39.2    106.2  8.000     0.00      0.0      0.0  0.000
 1  0  1  1     0.00     27.7    106.7  8.000     0.00      0.0      0.0  0.000
 1  0  1  1     0.00     30.0    107.0  8.000     0.00      0.0      0.0  0.000
 1  0  1  1     0.00     33.3    107.3  8.000     0.00      0.0      0.0  0.000
 1  0  1  1     0.00     33.7    106.7  8.000     0.00      0.0      0.0  0.000
 1  0  1  1     0.00     34.8    106.8  8.000     0.00      0.0      0.0  0.000
 1  0  1  1     0.00     35.0    107.0  8.000     0.00      0.0      0.0  0.000
 1  0  1  1     0.00     35.7    106.7  8.000     0.00      0.0      0.0  0.000
 1  0  1  1     0.00     37.0    107.0  8.000     0.00      0.0      0.0  0.000
 1  0  1  1     0.00     36.7    106.7  8.000     0.00      0.0      0.0  0.000
 1  0  1  1     0.00     36.7    106.7  8.000     0.00      0.0      0.0  0.000
 1  0  1  1     0.00     37.7    106.7  8.000     0.00      0.0      0.0  0.000
 1  0  1  1     0.00     38.4    107.4  8.000     0.00      0.0      0.0  0.000
 1  0  1  1     0.00     38.3    107.3  8.000     0.00      0.0      0.0  0.000
 1  0  1  1     0.00     39.2    107.2  8.000     0.00      0.0      0.0  0.000
 1  0  1  1     0.00     38.9    106.9  8.000     0.00      0.0      0.0  0.000
 1  0  1  1     0.00     39.3    107.3  8.000     0.00      0.0      0.0  0.000
 1  0  1  1     0.00     40.5    107.5  8.000     0.00      0.0      0.0  0.000
 1  0  1  1     0.00     31.0    108.0  8.000     0.00      0.0      0.0  0.000
 1  0  1  1     0.00     35.7    107.7  8.000     0.00      0.0      0.0  0.000
 1  0  1  1     0.00     37.3    108.3  8.000     0.00      0.0      0.0  0.000
 1  0  1  1     0.00     38.4    108.4  8.000     0.00      0.0      0.0  0.000
 1  0  1  1     0.00     38.1    108.1  8.000     0.00      0.0      0.0  0.000
 1  0  1  1     0.00     38.4    108.4  8.000     0.00      0.0      0.0  0.000
 1  0  1  1     0.00     38.5    107.5  8.000     0.00      0.0      0.0  0.000
 1  0  1  1     0.00     39.4    108.4  8.000     0.00      0.0      0.0  0.000
 1  0  1  1     0.00     38.5    107.5  8.000     0.00      0.0      0.0  0.000
 1  0  1  1     0.00     40.4    108.4  8.000     0.00      0.0      0.0  0.000
 1  0  1  1     0.00     29.5    108.5  8.000     0.00      0.0      0.0  0.000
 1  0  1  1     0.00     30.5    109.5  8.000     0.00      0.0      0.0  0.000
 1  0  1  1     0.00     31.5    109.5  8.000     0.00      0.0      0.0  0.000
 1  0  1  1     0.00     37.1    109.1  8.000     0.00      0.0      0.0  0.000
 1  0  1  1     0.00     38.1    109.1  8.000     0.00      0.0      0.0  0.000
 1  0  1  1     0.00     38.5    109.5  8.000     0.00      0.0      0.0  0.000
 1  0  1  1     0.00     39.4    109.4  8.000     0.00      0.0      0.0  0.000
 1  0  1  1     0.00     38.7    108.7  8.000     0.00      0.0      0.0  0.000
 1  0  1  1     0.00     38.5    108.5  8.000     0.00      0.0      0.0  0.000
 1  0  1  1     0.00     39.8    108.8  8.000     0.00      0.0      0.0  0.000
 1  0  1  1     0.00     40.4    109.4  8.000     0.00      0.0      0.0  0.000
 1  0  1  1     0.00     39.8    108.8  8.000     0.00      0.0      0.0  0.000
 1  0  1  1     0.00     30.4    110.4  8.000     0.00      0.0      0.0  0.000
 1  0  1  1     0.00     30.0    110.0  8.000     0.00      0.0      0.0  0.000
 1  0  1  1     0.00     36.9    109.9  8.000     0.00      0.0      0.0  0.000
 1  0  1  1     0.00     38.5    110.5  8.000     0.00      0.0      0.0  0.000
 1  0  1  1     0.00     39.4    110.4  8.000     0.00      0.0      0.0  0.000
 1  0  1  1     0.00     40.2    110.2  8.000     0.00      0.0      0.0  0.000
 1  0  1  1     0.00     39.9    109.9  8.000     0.00      0.0      0.0  0.000
 1  0  1  1     0.00     39.7    109.7  8.000     0.00      0.0      0.0  0.000
 1  0  1  1     0.00     40.7    109.7  8.000     0.00      0.0      0.0  0.000
 1  0  1  1     0.00     29.5    111.5  8.000     0.00      0.0      0.0  0.000
 1  0  1  1     0.00     29.7    110.7  8.000     0.00      0.0      0.0  0.000
 1  0  1  1     0.00     30.5    110.5  8.000     0.00      0.0      0.0  0.000
 1  0  1  1     0.00     40.4    111.4  8.000     0.00      0.0      0.0  0.000
 1  0  1  1     0.00     40.0    111.0  8.000     0.00      0.0      0.0  0.000
 1  0  1  1     0.00     40.5    111.5  8.000     0.00      0.0      0.0  0.000
 1  0  1  1     0.00     41.1    111.1  8.000     0.00      0.0      0.0  0.000
 1  0  1  1     0.00     29.9    111.9  8.000     0.00      0.0      0.0  0.000
 1  0  1  1     0.00     31.0    112.0  8.000     0.00      0.0      0.0  0.000
 1  0  1  1     0.00     37.6    111.6  8.000     0.00      0.0      0.0  0.000
 1  0  1  1     0.00     39.6    111.6  8.000     0.00      0.0      0.0  0.000
 1  0  1  1     0.00     39.9    111.9  8.000     0.00      0.0      0.0  0.000
 1  0  1  1     0.00     40.2    112.2  8.000     0.00      0.0      0.0  0.000
 1  0  1  1     0.00     41.0    112.0  8.000     0.00      0.0      0.0  0.000
 1  0  1  1     0.00     41.3    112.3  8.000     0.00      0.0      0.0  0.000
 1  0  1  1     0.00     41.0    112.0  8.000     0.00      0.0      0.0  0.000
 1  0  1  1     0.00     40.2    113.2  8.000     0.00      0.0      0.0  0.000
 1  0  1  1     0.00     39.6    112.6  8.000     0.00      0.0      0.0  0.000
 1  0  1  1     0.00     39.7    112.7  8.000     0.00      0.0      0.0  0.000
 1  0  1  1     0.00     40.1    113.1  8.000     0.00      0.0      0.0  0.000
 1  0  1  1     0.00     41.3    113.3  8.000     0.00      0.0      0.0  0.000
 1  0  1  1     0.00     41.4    113.4  8.000     0.00      0.0      0.0  0.000
 1  0  1  1     0.00     41.2    113.2  8.000     0.00      0.0      0.0  0.000
 1  0  1  1     0.00     40.2    114.2  8.000     0.00      0.0      0.0  0.000
 1  0  1  1     0.00     39.9    113.9  8.000     0.00      0.0      0.0  0.000
 1  0  1  1     0.00     40.3    114.3  8.000     0.00      0.0      0.0  0.000
 1  0  1  1     0.00     39.1    115.1  8.000     0.00      0.0      0.0  0.000
 1  0  1  1     0.00     39.2    115.2  8.000     0.00      0.0      0.0  0.000
 1  0  1  1     0.00     39.7    114.7  8.000     0.00      0.0      0.0  0.000
 1  0  1  1     0.00     40.3    115.3  8.000     0.00      0.0      0.0  0.000
 1  0  1  1     0.00     38.5    115.5  8.000     0.00      0.0      0.0  0.000
 1  0  1  1     0.00     39.2    116.2  8.000     0.00      0.0      0.0  0.000
 1  0  1  1     0.00     38.6    115.6  8.000     0.00      0.0      0.0  0.000
 1  0  1  1     0.00     39.9    115.9  8.000     0.00      0.0      0.0  0.000
 1  0  1  1     0.00     38.7    116.7  8.000     0.00      0.0      0.0  0.000
 1  0  1  1     0.00     39.5    117.5  8.000     0.00      0.0      0.0  0.000
 1  0  1  1     0.00     39.0    117.0  8.000     0.00      0.0      0.0  0.000
 1  0  1  1     0.00     30.5    118.5  8.000     0.00      0.0      0.0  0.000
 1  0  1  1     0.00     30.8    117.8  8.000     0.00      0.0      0.0  0.000
 1  0  1  1     0.00     31.5    118.5  8.000     0.00      0.0      0.0  0.000
 1  0  1  1     0.00     39.5    118.5  8.000     0.00      0.0      0.0  0.000
 1  0  1  1     0.00     38.7    117.7  8.000     0.00      0.0      0.0  0.000
 1  0  1  1     0.00     38.9    117.9  8.000     0.00      0.0      0.0  0.000
 1  0  1  1     0.00     40.2    118.2  8.000     0.00      0.0      0.0  0.000
 1  0  1  1     0.00     39.7    117.7  8.000     0.00      0.0      0.0  0.000
 1  0  1  1     0.00     30.1    119.1  8.000     0.00      0.0      0.0  0.000
 1  0  1  1     0.00     38.1    119.1  8.000     0.00      0.0      0.0  0.000
 1  0  1  1     0.00     38.6    118.6  8.000     0.00      0.0      0.0  0.000
 1  0  1  1     0.00     38.6    118.6  8.000     0.00      0.0      0.0  0.000
 1  0  1  1     0.00     39.0    119.0  8.000     0.00      0.0      0.0  0.000
 1  0  1  1     0.00     30.5    120.5  8.000     0.00      0.0      0.0  0.000
 1  0  1  1     0.00     37.9    119.9  8.000     0.00      0.0      0.0  0.000
 1  0  1  1     0.00     38.2    120.2  8.000     0.00      0.0      0.0  0.000
 1  0  1  1     0.00     38.9    119.9  8.000     0.00      0.0      0.0  0.000
 1  0  1  1     0.00     38.7    119.7  8.000     0.00      0.0      0.0  0.000
 1  0  1  1     0.00     28.9    120.9  8.000     0.00      0.0      0.0  0.000
 1  0  1  1     0.00     37.7    120.7  8.000     0.00      0.0      0.0  0.000
 1  0  1  1     0.00     38.2    121.2  8.000     0.00      0.0      0.0  0.000
 1  0  1  1     0.00     37.6    120.6  8.000     0.00      0.0      0.0  0.000
 1  0  1  1     0.00     36.7    121.7  8.000     0.00      0.0      0.0  0.000
 1  0  1  1     0.00     37.5    121.5  8.000     0.00      0.0      0.0  0.000
 1  0  1  1     0.00     37.8    121.8  8.000     0.00      0.0      0.0  0.000
 1  0  1  1     0.00     28.8    122.8  8.000     0.00      0.0      0.0  0.000
 1  0  1  1     0.00     37.3    123.3  8.000     0.00      0.0      0.0  0.000
 1  0  1  1     0.00     37.0    123.0  8.000     0.00      0.0      0.0  0.000
 1  0  1  1     0.00     37.2    123.2  8.000     0.00      0.0      0.0  0.000
 1  0  1  1     0.00     37.8    122.8  8.000     0.00      0.0      0.0  0.000
 1  0  1  1     0.00     37.3    124.3  8.000     0.00      0.0      0.0  0.000
 1  0  1  1     0.00     36.8    123.8  8.000     0.00      0.0      0.0  0.000
 1  0  1  1     0.00     37.1    124.1  8.000     0.00      0.0      0.0  0.000
 1  0  1  1     0.00     38.2    124.2  8.000     0.00      0.0      0.0  0.000
 1  0  1  1     0.00     35.4    125.4  8.000     0.00      0.0      0.0  0.000
 1  0  1  1     0.00     36.6    124.6  8.000     0.00      0.0      0.0  0.000
 1  0  1  1     0.00     36.8    124.8  8.000     0.00      0.0      0.0  0.000
 1  0  1  1     0.00     37.4    125.4  8.000     0.00      0.0      0.0  0.000
 1  0  1  1     0.00     38.5    125.5  8.000     0.00      0.0      0.0  0.000
 1  0  1  1     0.00     37.3    126.3  8.000     0.00      0.0      0.0  0.000
 1  0  1  1     0.00     36.8    125.8  8.000     0.00      0.0      0.0  0.000
 1  0  1  1     0.00     37.3    126.3  8.000     0.00      0.0      0.0  0.000
 1  0  1  1     0.00     37.7    125.7  8.000     0.00      0.0      0.0  0.000
 1  0  1  1     0.00     35.6    126.6  8.000     0.00      0.0      0.0  0.000
 1  0  1  1     0.00     36.5    126.5  8.000     0.00      0.0      0.0  0.000
 1  0  1  1     0.00     36.6    126.6  8.000     0.00      0.0      0.0  0.000
 1  0  1  1     0.00     36.3    128.3  8.000     0.00      0.0      0.0  0.000
 1  0  1  1     0.00     37.2    128.2  8.000     0.00      0.0      0.0  0.000
 1  0  1  1     0.00     36.7    127.7  8.000     0.00      0.0      0.0  0.000
 1  0  1  1     0.00     35.8    128.8  8.000     0.00      0.0      0.0  0.000
 1  0  1  1     0.00     36.5    129.5  8.000     0.00      0.0      0.0  0.000
 1  0  1  1     0.00     37.1    129.1  8.000     0.00      0.0      0.0  0.000
 1  0  1  1     0.00     36.8    128.8  8.000     0.00      0.0      0.0  0.000
 1  0  1  1     0.00     35.0    130.0  8.000     0.00      0.0      0.0  0.000
 1  0  1  1     0.00     36.2    130.2  8.000     0.00      0.0      0.0  0.000
 1  0  1  1     0.00     35.5    129.5  8.000     0.00      0.0      0.0  0.000
 1  0  1  1     0.00     36.5    129.5  8.000     0.00      0.0      0.0  0.000
 1  0  1  1     0.00     35.0    131.0  8.000     0.00      0.0      0.0  0.000
 1  0  1  1     0.00     36.3    131.3  8.000     0.00      0.0      0.0  0.000
 1  0  1  1     0.00     36.4    131.4  8.000     0.00      0.0      0.0  0.000
 1  0  1  1     0.00     37.4    131.4  8.000     0.00      0.0      0.0  0.000
 1  0  1  1     0.00     35.8    131.8  8.000     0.00      0.0      0.0  0.000
 1  0  1  1     0.00     35.8    131.8  8.000     0.00      0.0      0.0  0.000
 1  0  1  1     0.00     37.3    132.3  8.000     0.00      0.0      0.0  0.000
 1  0  1  1     0.00     37.0    133.0  8.000     0.00      0.0      0.0  0.000
 1  0  1  1     0.00     36.5    132.5  8.000     0.00      0.0      0.0  0.000
 1  0  1  1     0.00     36.8    132.8  8.000     0.00      0.0      0.0  0.000
 1  0  1  1     0.00     37.6    132.6  8.000     0.00      0.0      0.0  0.000
 1  0  1  1     0.00     26.6    133.6  8.000     0.00      0.0      0.0  0.000
 1  0  1  1     0.00     28.2    134.2  8.000     0.00      0.0      0.0  0.000
 1  0  1  1     0.00     37.9    133.9  8.000     0.00      0.0      0.0  0.000
 1  0  1  1     0.00     38.1    134.1  8.000     0.00      0.0      0.0  0.000
 1  0  1  1     0.00     39.3    134.3  8.000     0.00      0.0      0.0  0.000
 1  0  1  1     0.00     38.8    133.8  8.000     0.00      0.0      0.0  0.000
 1  0  1  1     0.00     38.8    133.8  8.000     0.00      0.0      0.0  0.000
 1  0  1  1     0.00     29.9    134.9  8.000     0.00      0.0      0.0  0.000
 1  0  1  1     0.00     38.9    134.9  8.000     0.00      0.0      0.0  0.000
 1  0  1  1     0.00     39.0    135.0  8.000     0.00      0.0      0.0  0.000
 1  0  1  1     0.00     38.9    134.9  8.000     0.00      0.0      0.0  0.000
 1  0  1  1     0.00     40.1    135.1  8.000     0.00      0.0      0.0  0.000
 1  0  1  1     0.00     39.7    134.7  8.000     0.00      0.0      0.0  0.000
 1  0  1  1     0.00     39.2    136.2  8.000     0.00      0.0      0.0  0.000
 1  0  1  1     0.00     39.4    136.4  8.000     0.00      0.0      0.0  0.000
 1  0  1  1     0.00     39.7    135.7  8.000     0.00      0.0      0.0  0.000
 1  0  1  1     0.00     40.2    136.2  8.000     0.00      0.0      0.0  0.000
 1  0  1  1     0.00     40.0    136.0  8.000     0.00      0.0      0.0  0.000
 1  0  1  1     0.00     26.8    136.8  8.000     0.00      0.0      0.0  0.000
 1  0  1  1     0.00     28.5    137.5  8.000     0.00      0.0      0.0  0.000
 1  0  1  1     0.00     30.3    137.3  8.000     0.00      0.0      0.0  0.000
 1  0  1  1     0.00     30.5    136.5  8.000     0.00      0.0      0.0  0.000
 1  0  1  1     0.00     38.2    137.2  8.000     0.00      0.0      0.0  0.000
 1  0  1  1     0.00     40.2    137.2  8.000     0.00      0.0      0.0  0.000
 1  0  1  1     0.00     39.6    136.6  8.000     0.00      0.0      0.0  0.000
 1  0  1  1     0.00     40.0    137.0  8.000     0.00      0.0      0.0  0.000
 1  0  1  1     0.00     40.8    136.8  8.000     0.00      0.0      0.0  0.000
 1  0  1  1     0.00     29.9    137.9  8.000     0.00      0.0      0.0  0.000
 1  0  1  1     0.00     31.2    138.2  8.000     0.00      0.0      0.0  0.000
 1  0  1  1     0.00     39.5    137.5  8.000     0.00      0.0      0.0  0.000
 1  0  1  1     0.00     40.1    138.1  8.000     0.00      0.0      0.0  0.000
 1  0  1  1     0.00     40.2    138.2  8.000     0.00      0.0      0.0  0.000
 1  0  1  1     0.00     40.6    137.6  8.000     0.00      0.0      0.0  0.000
 1  0  1  1     0.00     41.0    138.0  8.000     0.00      0.0      0.0  0.000
 1  0  1  1     0.00     28.5    139.5  8.000     0.00      0.0      0.0  0.000
 1  0  1  1     0.00     40.2    139.2  8.000     0.00      0.0      0.0  0.000
 1  0  1  1     0.00     40.3    139.3  8.000     0.00      0.0      0.0  0.000
 1  0  1  1     0.00     39.7    138.7  8.000     0.00      0.0      0.0  0.000
 1  0  1  1     0.00     41.4    139.4  8.000     0.00      0.0      0.0  0.000
 1  0  1  1     0.00     40.7    138.7  8.000     0.00      0.0      0.0  0.000
 1  0  1  1     0.00     21.6    139.6  8.000     0.00      0.0      0.0  0.000
 1  0  1  1     0.00     22.7    139.7  8.000     0.00      0.0      0.0  0.000
 1  0  1  1     0.00     23.4    140.4  8.000     0.00      0.0      0.0  0.000
 1  0  1  1     0.00     24.3    140.3  8.000     0.00      0.0      0.0  0.000
 1  0  1  1     0.00     24.6    139.6  8.000     0.00      0.0      0.0  0.000
 1  0  1  1     0.00     40.4    140.4  8.000     0.00      0.0      0.0  0.000
 1  0  1  1     0.00     40.1    140.1  8.000     0.00      0.0      0.0  0.000
 1  0  1  1     0.00     40.9    139.9  8.000     0.00      0.0      0.0  0.000
 1  0  1  1     0.00     41.5    140.5  8.000     0.00      0.0      0.0  0.000
 1  0  1  1     0.00     22.3    141.3  8.000     0.00      0.0      0.0  0.000
 1  0  1  1     0.00     22.3    141.3  8.000     0.00      0.0      0.0  0.000
 1  0  1  1     0.00     23.3    141.3  8.000     0.00      0.0      0.0  0.000
 1  0  1  1     0.00     40.1    141.1  8.000     0.00      0.0      0.0  0.000
 1  0  1  1     0.00     40.2    141.2  8.000     0.00      0.0      0.0  0.000
 1  0  1  1     0.00     41.4    141.4  8.000     0.00      0.0      0.0  0.000
 1  0  1  1     0.00     40.5    140.5  8.000     0.00      0.0      0.0  0.000
 1  0  1  1     0.00     37.8    141.8  8.000     0.00      0.0      0.0  0.000
 1  0  1  1     0.00     39.7    141.7  8.000     0.00      0.0      0.0  0.000
 1  0  1  1     0.00     40.3    142.3  8.000     0.00      0.0      0.0  0.000
 1  0  1  1     0.00     40.1    142.1  8.000     0.00      0.0      0.0  0.000
 1  0  1  1     0.00     41.0    142.0  8.000     0.00      0.0      0.0  0.000
 1  0  1  1     0.00     22.0    143.0  8.000     0.00      0.0      0.0  0.000
 1  0  1  1     0.00     37.5    142.5  8.000     0.00      0.0      0.0  0.000
 1  0  1  1     0.00     39.6    142.6  8.000     0.00      0.0      0.0  0.000
 1  0  1  1     0.00     40.3    143.3  8.000     0.00      0.0      0.0  0.000
 1  0  1  1     0.00     40.3    143.3  8.000     0.00      0.0      0.0  0.000
 1  0  1  1     0.00     40.7    142.7  8.000     0.00      0.0      0.0  0.000
 1  0  1  1     0.00     26.0    144.0  8.000     0.00      0.0      0.0  0.000
 1  0  1  1     0.00     38.7    143.7  8.000     0.00      0.0      0.0  0.000
 1  0  1  1     0.00     40.0    144.0  8.000     0.00      0.0      0.0  0.000
 1  0  1  1     0.00     39.8    143.8  8.000     0.00      0.0      0.0  0.000
 1  0  1  1     0.00     39.7    143.7  8.000     0.00      0.0      0.0  0.000
 1  0  1  1     0.00     21.1    145.1  8.000     0.00      0.0      0.0  0.000
 1  0  1  1     0.00     21.6    144.6  8.000     0.00      0.0      0.0  0.000
 1  0  1  1     0.00     23.7    144.7  8.000     0.00      0.0      0.0  0.000
 1  0  1  1     0.00     39.2    145.2  8.000     0.00      0.0      0.0  0.000
 1  0  1  1     0.00     39.5    145.5  8.000     0.00      0.0      0.0  0.000
 1  0  1  1     0.00     39.6    144.6  8.000     0.00      0.0      0.0  0.000
 1  0  1  1     0.00     40.2    145.2  8.000     0.00      0.0      0.0  0.000
 1  0  1  1     0.00     20.9    145.9  8.000     0.00      0.0      0.0  0.000
 1  0  1  1     0.00     20.9    145.9  8.000     0.00      0.0      0.0  0.000
 1  0  1  1     0.00     21.5    145.5  8.000     0.00      0.0      0.0  0.000
 1  0  1  1     0.00     37.9    145.9  8.000     0.00      0.0      0.0  0.000
 1  0  1  1     0.00     39.3    146.3  8.000     0.00      0.0      0.0  0.000
 1  0  1  1     0.00     39.4    146.4  8.000     0.00      0.0      0.0  0.000
 1  0  1  1     0.00     38.6    145.6  8.000     0.00      0.0      0.0  0.000
 1  0  1  1     0.00     39.5    145.5  8.000     0.00      0.0      0.0  0.000
 1  0  1  1     0.00     38.1    147.1  8.000     0.00      0.0      0.0  0.000
 1  0  1  1     0.00     37.6    146.6  8.000     0.00      0.0      0.0  0.000
 1  0  1  1     0.00     39.4    147.4  8.000     0.00      0.0      0.0  0.000
 1  0  1  1     0.00     18.8    147.8  8.000     0.00      0.0      0.0  0.000
 1  0  1  1     0.00     31.0    148.0  8.000     0.00      0.0      0.0  0.000
 1  0  1  1     0.00     36.8    147.8  8.000     0.00      0.0      0.0  0.000
 1  0  1  1     0.00     36.7    147.7  8.000     0.00      0.0      0.0  0.000
 1  0  1  1     0.00     38.0    148.0  8.000     0.00      0.0      0.0  0.000
 1  0  1  1     0.00     38.2    148.2  8.000     0.00      0.0      0.0  0.000
 1  0  1  1     0.00     19.4    149.4  8.000     0.00      0.0      0.0  0.000
 1  0  1  1     0.00     36.3    149.3  8.000     0.00      0.0      0.0  0.000
 1  0  1  1     0.00     36.0    149.0  8.000     0.00      0.0      0.0  0.000
 1  0  1  1     0.00     37.1    149.1  8.000     0.00      0.0      0.0  0.000
 1  0  1  1     0.00     37.3    149.3  8.000     0.00      0.0      0.0  0.000
 1  0  1  1     0.00     37.4    149.4  8.000     0.00      0.0      0.0  0.000
 1  0  1  1     0.00     17.1    150.1  8.000     0.00      0.0      0.0  0.000
 1  0  1  1     0.00     34.6    149.6  8.000     0.00      0.0      0.0  0.000
 1  0  1  1     0.00     35.9    149.9  8.000     0.00      0.0      0.0  0.000
 1  0  1  1     0.00     35.5    149.5  8.000     0.00      0.0      0.0  0.000
 1  0  1  1     0.00     35.8    149.8  8.000     0.00      0.0      0.0  0.000
 1  0  1  1     0.00     37.5    150.5  8.000     0.00      0.0      0.0  0.000
 1  0  1  1     0.00     35.5    151.5  8.000     0.00      0.0      0.0  0.000
 1  0  1  1     0.00     34.7    150.7  8.000     0.00      0.0      0.0  0.000
 1  0  1  1     0.00     35.2    151.2  8.000     0.00      0.0      0.0  0.000
 1  0  1  1     0.00     36.0    151.0  8.000     0.00      0.0      0.0  0.000
 1  0  1  1     0.00     35.9    150.9  8.000     0.00      0.0      0.0  0.000
 1  0  1  1     0.00     35.5    150.5  8.000     0.00      0.0      0.0  0.000
 1  0  1  1     0.00     15.3    152.3  8.000     0.00      0.0      0.0  0.000
 1  0  1  1     0.00     33.9    151.9  8.000     0.00      0.0      0.0  0.000
 1  0  1  1     0.00     35.2    152.2  8.000     0.00      0.0      0.0  0.000
 1  0  1  1     0.00     34.5    151.5  8.000     0.00      0.0      0.0  0.000
 1  0  1  1     0.00     35.1    152.1  8.000     0.00      0.0      0.0  0.000
 1  0  1  1     0.00     13.9    152.9  8.000     0.00      0.0      0.0  0.000
 1  0  1  1     0.00     32.2    153.2  8.000     0.00      0.0      0.0  0.000
 1  0  1  1     0.00     33.2    153.2  8.000     0.00      0.0      0.0  0.000
 1  0  1  1     0.00     33.4    153.4  8.000     0.00      0.0      0.0  0.000
 1  0  1  1     0.00     34.2    153.2  8.000     0.00      0.0      0.0  0.000
 1  0  1  1     0.00     34.0    153.0  8.000     0.00      0.0      0.0  0.000
 1  0  1  1     0.00     34.1    153.1  8.000     0.00      0.0      0.0  0.000
 1  0  1  1     0.00     34.7    152.7  8.000     0.00      0.0      0.0  0.000
 1  0  1  1     0.00     30.9    153.9  8.000     0.00      0.0      0.0  0.000
 1  0  1  1     0.00     32.3    154.3  8.000     0.00      0.0      0.0  0.000
 1  0  1  1     0.00     32.6    153.6  8.000     0.00      0.0      0.0  0.000
 1  0  1  1     0.00     33.3    154.3  8.000     0.00      0.0      0.0  0.000
 1  0  1  1     0.00     33.3    154.3  8.000     0.00      0.0      0.0  0.000
 1  0  1  1     0.00     33.7    153.7  8.000     0.00      0.0      0.0  0.000
 1  0  1  1     0.00     31.0    155.0  8.000     0.00      0.0      0.0  0.000
 1  0  1  1     0.00     31.6    154.6  8.000     0.00      0.0      0.0  0.000
 1  0  1  1     0.00     31.7    154.7  8.000     0.00      0.0      0.0  0.000
 1  0  1  1     0.00     31.6    154.6  8.000     0.00      0.0      0.0  0.000
 1  0  1  1     0.00     33.3    155.3  8.000     0.00      0.0      0.0  0.000
 1  0  1  1     0.00     30.8    155.8  8.000     0.00      0.0      0.0  0.000
 1  0  1  1     0.00     30.9    155.9  8.000     0.00      0.0      0.0  0.000
 1  0  1  1     0.00     32.5    156.5  8.000     0.00      0.0      0.0  0.000
 1  0  1  1     0.00     27.2    157.2  8.000     0.00      0.0      0.0  0.000
 1  0  1  1     0.00     28.3    157.3  8.000     0.00      0.0      0.0  0.000
 1  0  1  1     0.00     28.3    157.3  8.000     0.00      0.0      0.0  0.000
 1  0  1  1     0.00     29.0    157.0  8.000     0.00      0.0      0.0  0.000
 1  0  1  1     0.00     30.1    157.1  8.000     0.00      0.0      0.0  0.000
 1  0  1  1     0.00     27.2    158.2  8.000     0.00      0.0      0.0  0.000
 1  0  1  1     0.00     28.1    158.1  8.000     0.00      0.0      0.0  0.000
 1  0  1  1     0.00     26.6    158.6  8.000     0.00      0.0      0.0  0.000
 1  0  1  1     0.00     28.0    159.0  8.000     0.00      0.0      0.0  0.000
 1  0  1  1     0.00     27.8    158.8  8.000     0.00      0.0      0.0  0.000
 1  0  1  1     0.00     27.7    158.7  8.000     0.00      0.0      0.0  0.000
 1  0  1  1     0.00     29.3    159.3  8.000     0.00      0.0      0.0  0.000
 1  0  1  1     0.00     25.2    160.2  8.000     0.00      0.0      0.0  0.000
 1  0  1  1     0.00     26.5    160.5  8.000     0.00      0.0      0.0  0.000
 1  0  1  1     0.00     27.1    160.1  8.000     0.00      0.0      0.0  0.000
 1  0  1  1     0.00     27.9    159.9  8.000     0.00      0.0      0.0  0.000
 1  0  1  1     0.00     14.6    160.6  8.000     0.00      0.0      0.0  0.000
 1  0  1  1     0.00     19.6    160.6  8.000     0.00      0.0      0.0  0.000
 1  0  1  1     0.00     23.7    160.7  8.000     0.00      0.0      0.0  0.000
 1  0  1  1     0.00     24.0    161.0  8.000     0.00      0.0      0.0  0.000
 1  0  1  1     0.00     25.2    161.2  8.000     0.00      0.0      0.0  0.000
 1  0  1  1     0.00     26.0    161.0  8.000     0.00      0.0      0.0  0.000
 1  0  1  1     0.00     25.7    160.7  8.000     0.00      0.0      0.0  0.000
 1  0  1  1     0.00     27.4    161.4  8.000     0.00      0.0      0.0  0.000
 1  0  1  1     0.00     17.8    163.8  8.000     0.00      0.0      0.0  0.000
 1  0  1  1     0.00     17.5    163.5  8.000     0.00      0.0      0.0  0.000
 1  0  1  1     0.00     19.5    164.5  8.000     0.00      0.0      0.0  0.000
 1  0  1  1     0.00     20.4    164.4  8.000     0.00      0.0      0.0  0.000
 1  0  1  1     0.00     19.7    163.7  8.000     0.00      0.0      0.0  0.000
 1  0  1  1     0.00     21.0    164.0  8.000     0.00      0.0      0.0  0.000
 1  0  1  1     0.00     21.3    164.3  8.000     0.00      0.0      0.0  0.000
 1  0  1  1     0.00     22.2    164.2  8.000     0.00      0.0      0.0  0.000
 1  0  1  1     0.00     21.9    163.9  8.000     0.00      0.0      0.0  0.000
 1  0  1  1     0.00     23.1    164.1  8.000     0.00      0.0      0.0  0.000
 1  0  1  1     0.00     23.9    163.9  8.000     0.00      0.0      0.0  0.000
 1  0  1  1     0.00     28.4    164.4  8.000     0.00      0.0      0.0  0.000
 1  0  1  1     0.00     19.7    164.7  8.000     0.00      0.0      0.0  0.000
 1  0  1  1     0.00     22.5    165.5  8.000     0.00      0.0      0.0  0.000
 1  0  1  1     0.00     22.6    164.6  8.000     0.00      0.0      0.0  0.000
 1  0  1  1     0.00     25.7    164.7  8.000     0.00      0.0      0.0  0.000
 1  0  1  1     0.00     27.4    165.4  8.000     0.00      0.0      0.0  0.000
 1  0  1  1     0.00     26.7    164.7  8.000     0.00      0.0      0.0  0.000
 1  0  1  1     0.00     27.7    164.7  8.000     0.00      0.0      0.0  0.000
 1  0  1  1     0.00     27.6    164.6  8.000     0.00      0.0      0.0  0.000
 1  0  1  1     0.00     28.2    165.2  8.000     0.00      0.0      0.0  0.000
 1  0  1  1     0.00     29.5    165.5  8.000     0.00      0.0      0.0  0.000
 1  0  1  1     0.00     20.5    165.5  8.000     0.00      0.0      0.0  0.000
 1  0  1  1     0.00     25.0    166.0  8.000     0.00      0.0      0.0  0.000
 1  0  1  1     0.00     25.7    165.7  8.000     0.00      0.0      0.0  0.000
 1  0  1  1     0.00     28.4    166.4  8.000     0.00      0.0      0.0  0.000
 1  0  1  1     0.00     27.6    165.6  8.000     0.00      0.0      0.0  0.000
 1  0  1  1     0.00     29.3    166.3  8.000     0.00      0.0      0.0  0.000
 1  0  1  1     0.00     28.6    165.6  8.000     0.00      0.0      0.0  0.000
 1  0  1  1     0.00     29.1    166.1  8.000     0.00      0.0      0.0  0.000
 1  0  1  1     0.00     20.8    166.8  8.000     0.00      0.0      0.0  0.000
 1  0  1  1     0.00     25.5    167.5  8.000     0.00      0.0      0.0  0.000
 1  0  1  1     0.00     25.2    167.2  8.000     0.00      0.0      0.0  0.000
 1  0  1  1     0.00     26.3    167.3  8.000     0.00      0.0      0.0  0.000
 1  0  1  1     0.00     26.5    167.5  8.000     0.00      0.0      0.0  0.000
 1  0  1  1     0.00     26.8    166.8  8.000     0.00      0.0      0.0  0.000
 1  0  1  1     0.00     27.9    166.9  8.000     0.00      0.0      0.0  0.000
 1  0  1  1     0.00     27.7    166.7  8.000     0.00      0.0      0.0  0.000
 1  0  1  1     0.00     29.5    167.5  8.000     0.00      0.0      0.0  0.000
 1  0  1  1     0.00     29.4    167.4  8.000     0.00      0.0      0.0  0.000
 1  0  1  1     0.00     28.7    166.7  8.000     0.00      0.0      0.0  0.000
 1  0  1  1     0.00     29.6    166.6  8.000     0.00      0.0      0.0  0.000
 1  0  1  1     0.00     23.9    167.9  8.000     0.00      0.0      0.0  0.000
 1  0  1  1     0.00     25.3    168.3  8.000     0.00      0.0      0.0  0.000
 1  0  1  1     0.00     24.6    167.6  8.000     0.00      0.0      0.0  0.000
 1  0  1  1     0.00     28.5    168.5  8.000     0.00      0.0      0.0  0.000
 1  0  1  1     0.00     29.0    168.0  8.000     0.00      0.0      0.0  0.000
 1  0  1  1     0.00     29.5    168.5  8.000     0.00      0.0      0.0  0.000
 1  0  1  1     0.00     29.5    168.5  8.000     0.00      0.0      0.0  0.000
 1  0  1  1     0.00     28.3    169.3  8.000     0.00      0.0      0.0  0.000
 1  0  1  1     0.00     29.1    169.1  8.000     0.00      0.0      0.0  0.000
 1  0  1  1     0.00     29.2    169.2  8.000     0.00      0.0      0.0  0.000
 1  0  1  1     0.00     30.4    169.4  8.000     0.00      0.0      0.0  0.000
 1  0  1  1     0.00     30.2    169.2  8.000     0.00      0.0      0.0  0.000
 1  0  1  1     0.00     28.2    170.2  8.000     0.00      0.0      0.0  0.000
 1  0  1  1     0.00     29.0    170.0  8.000     0.00      0.0      0.0  0.000
 1  0  1  1     0.00     30.2    170.2  8.000     0.00      0.0      0.0  0.000
 1  0  1  1     0.00     30.3    170.3  8.000     0.00      0.0      0.0  0.000
 1  0  1  1     0.00     29.5    169.5  8.000     0.00      0.0      0.0  0.000
 1  0  1  1     0.00     27.7    170.7  8.000     0.00      0.0      0.0  0.000
 1  0  1  1     0.00     27.9    170.9  8.000     0.00      0.0      0.0  0.000
 1  0  1  1     0.00     29.1    171.1  8.000     0.00      0.0      0.0  0.000
 1  0  1  1     0.00     29.5    170.5  8.000     0.00      0.0      0.0  0.000
 1  0  1  1     0.00     30.2    171.2  8.000     0.00      0.0      0.0  0.000
 1  0  1  1     0.00     29.7    170.7  8.000     0.00      0.0      0.0  0.000
 1  0  1  1     0.00     31.1    171.1  8.000     0.00      0.0      0.0  0.000
 1  0  1  1     0.00     31.5    171.5  8.000     0.00      0.0      0.0  0.000
 1  0  1  1     0.00     28.8    171.8  8.000     0.00      0.0      0.0  0.000
 1  0  1  1     0.00     29.8    171.8  8.000     0.00      0.0      0.0  0.000
 1  0  1  1     0.00     30.4    172.4  8.000     0.00      0.0      0.0  0.000
 1  0  1  1     0.00     31.2    172.2  8.000     0.00      0.0      0.0  0.000
 1  0  1  1     0.00     30.7    171.7  8.000     0.00      0.0      0.0  0.000
 1  0  1  1     0.00     28.7    172.7  8.000     0.00      0.0      0.0  0.000
 1  0  1  1     0.00     28.6    172.6  8.000     0.00      0.0      0.0  0.000
 1  0  1  1     0.00     29.7    172.7  8.000     0.00      0.0      0.0  0.000
 1  0  1  1     0.00     30.7    172.7  8.000     0.00      0.0      0.0  0.000
 1  0  1  1     0.00     30.9    172.9  8.000     0.00      0.0      0.0  0.000
 1  0  1  1     0.00     31.6    172.6  8.000     0.00      0.0      0.0  0.000
 1  0  1  1     0.00     28.7    173.7  8.000     0.00      0.0      0.0  0.000
 1  0  1  1     0.00     29.6    173.6  8.000     0.00      0.0      0.0  0.000
 1  0  1  1     0.00     31.4    174.4  8.000     0.00      0.0      0.0  0.000
 1  0  1  1     0.00     30.8    173.8  8.000     0.00      0.0      0.0  0.000
 1  0  1  1     0.00     30.6    173.6  8.000     0.00      0.0      0.0  0.000
 1  0  1  1     0.00     32.0    174.0  8.000     0.00      0.0      0.0  0.000
 1  0  1  1     0.00     31.2    175.2  8.000     0.00      0.0      0.0  0.000
 1  0  1  1     0.00     31.2    175.2  8.000     0.00      0.0      0.0  0.000
 1  0  1  1     0.00     30.6    174.6  8.000     0.00      0.0      0.0  0.000
 1  0  1  1     0.00     32.0    175.0  8.000     0.00      0.0      0.0  0.000
 1  0  1  1     0.00     31.0    176.0  8.000     0.00      0.0      0.0  0.000
 1  0  1  1     0.00     31.2    176.2  8.000     0.00      0.0      0.0  0.000
 1  0  1  1     0.00     32.3    176.3  8.000     0.00      0.0      0.0  0.000
 1  0  1  1     0.00     32.4    176.4  8.000     0.00      0.0      0.0  0.000
 1  0  1  1     0.00     32.3    176.3  8.000     0.00      0.0      0.0  0.000
 1  0  1  1     0.00     25.1    177.1  8.000     0.00      0.0      0.0  0.000
 1  0  1  1     0.00     31.9    176.9  8.000     0.00      0.0      0.0  0.000
 1  0  1  1     0.00     32.5    177.5  8.000     0.00      0.0      0.0  0.000
 1  0  1  1     0.00     31.6    176.6  8.000     0.00      0.0      0.0  0.000
 1  0  1  1     0.00     31.9    177.9  8.000     0.00      0.0      0.0  0.000
 1  0  1  1     0.00     31.6    177.6  8.000     0.00      0.0      0.0  0.000
 1  0  1  1     0.00     32.1    178.1  8.000     0.00      0.0      0.0  0.000
 1  0  1  1     0.00     32.7    177.7  8.000     0.00      0.0      0.0  0.000
 1  0  1  1     0.00     21.9    178.9  8.000     0.00      0.0      0.0  0.000
 1  0  1  1     0.00     31.7    178.7  8.000     0.00      0.0      0.0  0.000
 1  0  1  1     0.00     32.2    179.2  8.000     0.00      0.0      0.0  0.000
 1  0  1  1     0.00     33.1    179.1  8.000     0.00      0.0      0.0  0.000
 1  0  1  1     0.00     32.7    178.7  8.000     0.00      0.0      0.0  0.000
 1  0  1  1     0.00     32.6    179.6  8.000     0.00      0.0      0.0  0.000
 1  0  1  1     0.00     33.2    180.2  8.000     0.00      0.0      0.0  0.000
 1  0  1  1     0.00     34.3    180.3  8.000     0.00      0.0      0.0  0.000
 1  0  1  1     0.00     32.6    180.6  8.000     0.00      0.0      0.0  0.000
 1  0  1  1     0.00     33.6    180.6  8.000     0.00      0.0      0.0  0.000
 1  0  1  1     0.00     33.8    180.8  8.000     0.00      0.0      0.0  0.000
 1  0  1  1     0.00     35.5    181.5  8.000     0.00      0.0      0.0  0.000
 1  0  1  1     0.00     32.7    181.7  8.000     0.00      0.0      0.0  0.000
 1  0  1  1     0.00     34.0    182.0  8.000     0.00      0.0      0.0  0.000
 1  0  1  1     0.00     33.5    181.5  8.000     0.00      0.0      0.0  0.000
 1  0  1  1     0.00     34.7    181.7  8.000     0.00      0.0      0.0  0.000
 1  0  1  1     0.00     34.0    183.0  8.000     0.00      0.0      0.0  0.000
 1  0  1  1     0.00     34.8    182.8  8.000     0.00      0.0      0.0  0.000
 1  0  1  1     0.00     35.2    183.2  8.000     0.00      0.0      0.0  0.000
 1  0  1  1     0.00     34.9    183.9  8.000     0.00      0.0      0.0  0.000
 1  0  1  1     0.00     35.1    184.1  8.000     0.00      0.0      0.0  0.000
 1  0  1  1     0.00     36.1    184.1  8.000     0.00      0.0      0.0  0.000
 1  0  1  1     0.00     35.8    184.8  8.000     0.00      0.0      0.0  0.000
 1  0  1  1     0.00     36.3    185.3  8.000     0.00      0.0      0.0  0.000
 1  0  1  1     0.00     36.0    186.0  8.000     0.00      0.0      0.0  0.000
 1  0  1  1     0.00     37.0    186.0  8.000     0.00      0.0      0.0  0.000
 1  0  1  1     0.00     37.2    186.2  8.000     0.00      0.0      0.0  0.000
 1  0  1  1     0.00     37.7    185.7  8.000     0.00      0.0      0.0  0.000
 1  0  1  1     0.00     38.9    185.9  8.000     0.00      0.0      0.0  0.000
 1  0  1  1     0.00     38.9    185.9  8.000     0.00      0.0      0.0  0.000
 1  0  1  1     0.00     39.6    185.6  8.000     0.00      0.0      0.0  0.000
 1  0  1  1     0.00     39.9    185.9  8.000     0.00      0.0      0.0  0.000
 1  0  1  1     0.00     39.9    185.9  8.000     0.00      0.0      0.0  0.000
 1  0  1  1     0.00     40.7    185.7  8.000     0.00      0.0      0.0  0.000
 1  0  1  1     0.00     40.9    185.9  8.000     0.00      0.0      0.0  0.000
 1  0  1  1     0.00     37.7    186.7  8.000     0.00      0.0      0.0  0.000
 1  0  1  1     0.00     38.6    186.6  8.000     0.00      0.0      0.0  0.000
 1  0  1  1     0.00     40.4    187.4  8.000     0.00      0.0      0.0  0.000
 1  0  1  1     0.00     40.0    187.0  8.000     0.00      0.0      0.0  0.000
 1  0  1  1     0.00     40.6    186.6  8.000     0.00      0.0      0.0  0.000
 1  0  1  1     0.00     40.9    186.9  8.000     0.00      0.0      0.0  0.000
 1  0  1  1     0.00     40.6    186.6  8.000     0.00      0.0      0.0  0.000
 1  0  1  1     0.00     40.5    186.5  8.000     0.00      0.0      0.0  0.000
 1  0  1  1     0.00     41.7    186.7  8.000     0.00      0.0      0.0  0.000
 1  0  1  1     0.00     42.1    187.1  8.000     0.00      0.0      0.0  0.000
 1  0  1  1     0.00     41.0    188.0  8.000     0.00      0.0      0.0  0.000
 1  0  1  1     0.00     40.7    187.7  8.000     0.00      0.0      0.0  0.000
 1  0  1  1     0.00     41.9    187.9  8.000     0.00      0.0      0.0  0.000
 1  0  1  1     0.00     42.1    188.1  8.000     0.00      0.0      0.0  0.000
 1  0  1  1     0.00     41.6    187.6  8.000     0.00      0.0      0.0  0.000
 NFLOATS =         1015
