netcdf forp-jpn-v4_thetao_dy_200601 {
dimensions:
	time = UNLIMITED ; // (31 currently)
	lon = 1423 ;
	lat = 1604 ;
	lev = 60 ;
variables:
	double time(time) ;
		time:standard_name = "time" ;
		time:units = "hours since 1-1-1 00:00:00" ;
		time:calendar = "standard" ;
		time:axis = "T" ;
	double lon(lon) ;
		lon:standard_name = "longitude" ;
		lon:long_name = "longitude" ;
		lon:units = "degrees_east" ;
		lon:axis = "X" ;
	double lat(lat) ;
		lat:standard_name = "latitude" ;
		lat:long_name = "latitude" ;
		lat:units = "degrees_north" ;
		lat:axis = "Y" ;
	double lev(lev) ;
		lev:axis = "Z" ;
		lev:standard_name = "depth" ;
		lev:units = "m" ;
	float thetao(time, lev, lat, lon) ;
		thetao:long_name = "Sea Water Potential Temperature" ;
		thetao:_FillValue = -9.99e+33f ;
		thetao:missing_value = -9.99e+33f ;
		thetao:units = "degC" ;
		thetao:standard_name = "sea_water_potential_temperature" ;

// global attributes:
		:CDI = "Climate Data Interface version 1.9.9 (https://mpimet.mpg.de/cdi)" ;
		:Conventions = "None" ;
		:title = "The Future Ocean Regional Projection (FORP) dataset version 4" ;
		:frequency = "day" ;
		:institution = "Japan Agency for Marine-Earth Science and Technology, and Meteorological Research Institute, Japan Meteorological Agency" ;
		:source = "MRI.COM ver4.6" ;
		:driving_model = "JRA55do" ;
		:experiment = "historical" ;
		:license = "Creative Commons Attribution 4.0 International License (CC-BY-4.0). https://creativecommons.org/licenses/by/4.0/legalcode.ja" ;
		:project = "Integrated Research Program for Advancing Climate Models (TOUGOU) sponsored by the Ministry of Education, Culture, Sports, Science and Technology of Japan." ;
		:format_conversion_date = "Fri Sep  2 14:35:35 JST 2022" ;
		:CDO = "Climate Data Operators version 1.9.9 (https://mpimet.mpg.de/cdo)" ;
data:

 lat = 19.96, 19.98, 20, 20.02, 20.04, 20.06, 20.08, 20.1, 20.12, 20.14, 
    20.16, 20.18, 20.2, 20.22, 20.24, 20.26, 20.28, 20.3, 20.32, 20.34, 
    20.36, 20.38, 20.4, 20.42, 20.44, 20.46, 20.48, 20.5, 20.52, 20.54, 
    20.56, 20.58, 20.6, 20.62, 20.64, 20.66, 20.68, 20.7, 20.72, 20.74, 
    20.76, 20.78, 20.8, 20.82, 20.84, 20.86, 20.88, 20.9, 20.92, 20.94, 
    20.96, 20.98, 21, 21.02, 21.04, 21.06, 21.08, 21.1, 21.12, 21.14, 21.16, 
    21.18, 21.2, 21.22, 21.24, 21.26, 21.28, 21.3, 21.32, 21.34, 21.36, 
    21.38, 21.4, 21.42, 21.44, 21.46, 21.48, 21.5, 21.52, 21.54, 21.56, 
    21.58, 21.6, 21.62, 21.64, 21.66, 21.68, 21.7, 21.72, 21.74, 21.76, 
    21.78, 21.8, 21.82, 21.84, 21.86, 21.88, 21.9, 21.92, 21.94, 21.96, 
    21.98, 22, 22.02, 22.04, 22.06, 22.08, 22.1, 22.12, 22.14, 22.16, 22.18, 
    22.2, 22.22, 22.24, 22.26, 22.28, 22.3, 22.32, 22.34, 22.36, 22.38, 22.4, 
    22.42, 22.44, 22.46, 22.48, 22.5, 22.52, 22.54, 22.56, 22.58, 22.6, 
    22.62, 22.64, 22.66, 22.68, 22.7, 22.72, 22.74, 22.76, 22.78, 22.8, 
    22.82, 22.84, 22.86, 22.88, 22.9, 22.92, 22.94, 22.96, 22.98, 23, 23.02, 
    23.04, 23.06, 23.08, 23.1, 23.12, 23.14, 23.16, 23.18, 23.2, 23.22, 
    23.24, 23.26, 23.28, 23.3, 23.32, 23.34, 23.36, 23.38, 23.4, 23.42, 
    23.44, 23.46, 23.48, 23.5, 23.52, 23.54, 23.56, 23.58, 23.6, 23.62, 
    23.64, 23.66, 23.68, 23.7, 23.72, 23.74, 23.76, 23.78, 23.8, 23.82, 
    23.84, 23.86, 23.88, 23.9, 23.92, 23.94, 23.96, 23.98, 24, 24.02, 24.04, 
    24.06, 24.08, 24.1, 24.12, 24.14, 24.16, 24.18, 24.2, 24.22, 24.24, 
    24.26, 24.28, 24.3, 24.32, 24.34, 24.36, 24.38, 24.4, 24.42, 24.44, 
    24.46, 24.48, 24.5, 24.52, 24.54, 24.56, 24.58, 24.6, 24.62, 24.64, 
    24.66, 24.68, 24.7, 24.72, 24.74, 24.76, 24.78, 24.8, 24.82, 24.84, 
    24.86, 24.88, 24.9, 24.92, 24.94, 24.96, 24.98, 25, 25.02, 25.04, 25.06, 
    25.08, 25.1, 25.12, 25.14, 25.16, 25.18, 25.2, 25.22, 25.24, 25.26, 
    25.28, 25.3, 25.32, 25.34, 25.36, 25.38, 25.4, 25.42, 25.44, 25.46, 
    25.48, 25.5, 25.52, 25.54, 25.56, 25.58, 25.6, 25.62, 25.64, 25.66, 
    25.68, 25.7, 25.72, 25.74, 25.76, 25.78, 25.8, 25.82, 25.84, 25.86, 
    25.88, 25.9, 25.92, 25.94, 25.96, 25.98, 26, 26.02, 26.04, 26.06, 26.08, 
    26.1, 26.12, 26.14, 26.16, 26.18, 26.2, 26.22, 26.24, 26.26, 26.28, 26.3, 
    26.32, 26.34, 26.36, 26.38, 26.4, 26.42, 26.44, 26.46, 26.48, 26.5, 
    26.52, 26.54, 26.56, 26.58, 26.6, 26.62, 26.64, 26.66, 26.68, 26.7, 
    26.72, 26.74, 26.76, 26.78, 26.8, 26.82, 26.84, 26.86, 26.88, 26.9, 
    26.92, 26.94, 26.96, 26.98, 27, 27.02, 27.04, 27.06, 27.08, 27.1, 27.12, 
    27.14, 27.16, 27.18, 27.2, 27.22, 27.24, 27.26, 27.28, 27.3, 27.32, 
    27.34, 27.36, 27.38, 27.4, 27.42, 27.44, 27.46, 27.48, 27.5, 27.52, 
    27.54, 27.56, 27.58, 27.6, 27.62, 27.64, 27.66, 27.68, 27.7, 27.72, 
    27.74, 27.76, 27.78, 27.8, 27.82, 27.84, 27.86, 27.88, 27.9, 27.92, 
    27.94, 27.96, 27.98, 28, 28.02, 28.04, 28.06, 28.08, 28.1, 28.12, 28.14, 
    28.16, 28.18, 28.2, 28.22, 28.24, 28.26, 28.28, 28.3, 28.32, 28.34, 
    28.36, 28.38, 28.4, 28.42, 28.44, 28.46, 28.48, 28.5, 28.52, 28.54, 
    28.56, 28.58, 28.6, 28.62, 28.64, 28.66, 28.68, 28.7, 28.72, 28.74, 
    28.76, 28.78, 28.8, 28.82, 28.84, 28.86, 28.88, 28.9, 28.92, 28.94, 
    28.96, 28.98, 29, 29.02, 29.04, 29.06, 29.08, 29.1, 29.12, 29.14, 29.16, 
    29.18, 29.2, 29.22, 29.24, 29.26, 29.28, 29.3, 29.32, 29.34, 29.36, 
    29.38, 29.4, 29.42, 29.44, 29.46, 29.48, 29.5, 29.52, 29.54, 29.56, 
    29.58, 29.6, 29.62, 29.64, 29.66, 29.68, 29.7, 29.72, 29.74, 29.76, 
    29.78, 29.8, 29.82, 29.84, 29.86, 29.88, 29.9, 29.92, 29.94, 29.96, 
    29.98, 30, 30.02, 30.04, 30.06, 30.08, 30.1, 30.12, 30.14, 30.16, 30.18, 
    30.2, 30.22, 30.24, 30.26, 30.28, 30.3, 30.32, 30.34, 30.36, 30.38, 30.4, 
    30.42, 30.44, 30.46, 30.48, 30.5, 30.52, 30.54, 30.56, 30.58, 30.6, 
    30.62, 30.64, 30.66, 30.68, 30.7, 30.72, 30.74, 30.76, 30.78, 30.8, 
    30.82, 30.84, 30.86, 30.88, 30.9, 30.92, 30.94, 30.96, 30.98, 31, 31.02, 
    31.04, 31.06, 31.08, 31.1, 31.12, 31.14, 31.16, 31.18, 31.2, 31.22, 
    31.24, 31.26, 31.28, 31.3, 31.32, 31.34, 31.36, 31.38, 31.4, 31.42, 
    31.44, 31.46, 31.48, 31.5, 31.52, 31.54, 31.56, 31.58, 31.6, 31.62, 
    31.64, 31.66, 31.68, 31.7, 31.72, 31.74, 31.76, 31.78, 31.8, 31.82, 
    31.84, 31.86, 31.88, 31.9, 31.92, 31.94, 31.96, 31.98, 32, 32.02, 32.04, 
    32.06, 32.08, 32.1, 32.12, 32.14, 32.16, 32.18, 32.2, 32.22, 32.24, 
    32.26, 32.28, 32.3, 32.32, 32.34, 32.36, 32.38, 32.4, 32.42, 32.44, 
    32.46, 32.48, 32.5, 32.52, 32.54, 32.56, 32.58, 32.6, 32.62, 32.64, 
    32.66, 32.68, 32.7, 32.72, 32.74, 32.76, 32.78, 32.8, 32.82, 32.84, 
    32.86, 32.88, 32.9, 32.92, 32.94, 32.96, 32.98, 33, 33.02, 33.04, 33.06, 
    33.08, 33.1, 33.12, 33.14, 33.16, 33.18, 33.2, 33.22, 33.24, 33.26, 
    33.28, 33.3, 33.32, 33.34, 33.36, 33.38, 33.4, 33.42, 33.44, 33.46, 
    33.48, 33.5, 33.52, 33.54, 33.56, 33.58, 33.6, 33.62, 33.64, 33.66, 
    33.68, 33.7, 33.72, 33.74, 33.76, 33.78, 33.8, 33.82, 33.84, 33.86, 
    33.88, 33.9, 33.92, 33.94, 33.96, 33.98, 34, 34.02, 34.04, 34.06, 34.08, 
    34.1, 34.12, 34.14, 34.16, 34.18, 34.2, 34.22, 34.24, 34.26, 34.28, 34.3, 
    34.32, 34.34, 34.36, 34.38, 34.4, 34.42, 34.44, 34.46, 34.48, 34.5, 
    34.52, 34.54, 34.56, 34.58, 34.6, 34.62, 34.64, 34.66, 34.68, 34.7, 
    34.72, 34.74, 34.76, 34.78, 34.8, 34.82, 34.84, 34.86, 34.88, 34.9, 
    34.92, 34.94, 34.96, 34.98, 35, 35.02, 35.04, 35.06, 35.08, 35.1, 35.12, 
    35.14, 35.16, 35.18, 35.2, 35.22, 35.24, 35.26, 35.28, 35.3, 35.32, 
    35.34, 35.36, 35.38, 35.4, 35.42, 35.44, 35.46, 35.48, 35.5, 35.52, 
    35.54, 35.56, 35.58, 35.6, 35.62, 35.64, 35.66, 35.68, 35.7, 35.72, 
    35.74, 35.76, 35.78, 35.8, 35.82, 35.84, 35.86, 35.88, 35.9, 35.92, 
    35.94, 35.96, 35.98, 36, 36.02, 36.04, 36.06, 36.08, 36.1, 36.12, 36.14, 
    36.16, 36.18, 36.2, 36.22, 36.24, 36.26, 36.28, 36.3, 36.32, 36.34, 
    36.36, 36.38, 36.4, 36.42, 36.44, 36.46, 36.48, 36.5, 36.52, 36.54, 
    36.56, 36.58, 36.6, 36.62, 36.64, 36.66, 36.68, 36.7, 36.72, 36.74, 
    36.76, 36.78, 36.8, 36.82, 36.84, 36.86, 36.88, 36.9, 36.92, 36.94, 
    36.96, 36.98, 37, 37.02, 37.04, 37.06, 37.08, 37.1, 37.12, 37.14, 37.16, 
    37.18, 37.2, 37.22, 37.24, 37.26, 37.28, 37.3, 37.32, 37.34, 37.36, 
    37.38, 37.4, 37.42, 37.44, 37.46, 37.48, 37.5, 37.52, 37.54, 37.56, 
    37.58, 37.6, 37.62, 37.64, 37.66, 37.68, 37.7, 37.72, 37.74, 37.76, 
    37.78, 37.8, 37.82, 37.84, 37.86, 37.88, 37.9, 37.92, 37.94, 37.96, 
    37.98, 38, 38.02, 38.04, 38.06, 38.08, 38.1, 38.12, 38.14, 38.16, 38.18, 
    38.2, 38.22, 38.24, 38.26, 38.28, 38.3, 38.32, 38.34, 38.36, 38.38, 38.4, 
    38.42, 38.44, 38.46, 38.48, 38.5, 38.52, 38.54, 38.56, 38.58, 38.6, 
    38.62, 38.64, 38.66, 38.68, 38.7, 38.72, 38.74, 38.76, 38.78, 38.8, 
    38.82, 38.84, 38.86, 38.88, 38.9, 38.92, 38.94, 38.96, 38.98, 39, 39.02, 
    39.04, 39.06, 39.08, 39.1, 39.12, 39.14, 39.16, 39.18, 39.2, 39.22, 
    39.24, 39.26, 39.28, 39.3, 39.32, 39.34, 39.36, 39.38, 39.4, 39.42, 
    39.44, 39.46, 39.48, 39.5, 39.52, 39.54, 39.56, 39.58, 39.6, 39.62, 
    39.64, 39.66, 39.68, 39.7, 39.72, 39.74, 39.76, 39.78, 39.8, 39.82, 
    39.84, 39.86, 39.88, 39.9, 39.92, 39.94, 39.96, 39.98, 40, 40.02, 40.04, 
    40.06, 40.08, 40.1, 40.12, 40.14, 40.16, 40.18, 40.2, 40.22, 40.24, 
    40.26, 40.28, 40.3, 40.32, 40.34, 40.36, 40.38, 40.4, 40.42, 40.44, 
    40.46, 40.48, 40.5, 40.52, 40.54, 40.56, 40.58, 40.6, 40.62, 40.64, 
    40.66, 40.68, 40.7, 40.72, 40.74, 40.76, 40.78, 40.8, 40.82, 40.84, 
    40.86, 40.88, 40.9, 40.92, 40.94, 40.96, 40.98, 41, 41.02, 41.04, 41.06, 
    41.08, 41.1, 41.12, 41.14, 41.16, 41.18, 41.2, 41.22, 41.24, 41.26, 
    41.28, 41.3, 41.32, 41.34, 41.36, 41.38, 41.4, 41.42, 41.44, 41.46, 
    41.48, 41.5, 41.52, 41.54, 41.56, 41.58, 41.6, 41.62, 41.64, 41.66, 
    41.68, 41.7, 41.72, 41.74, 41.76, 41.78, 41.8, 41.82, 41.84, 41.86, 
    41.88, 41.9, 41.92, 41.94, 41.96, 41.98, 42, 42.02, 42.04, 42.06, 42.08, 
    42.1, 42.12, 42.14, 42.16, 42.18, 42.2, 42.22, 42.24, 42.26, 42.28, 42.3, 
    42.32, 42.34, 42.36, 42.38, 42.4, 42.42, 42.44, 42.46, 42.48, 42.5, 
    42.52, 42.54, 42.56, 42.58, 42.6, 42.62, 42.64, 42.66, 42.68, 42.7, 
    42.72, 42.74, 42.76, 42.78, 42.8, 42.82, 42.84, 42.86, 42.88, 42.9, 
    42.92, 42.94, 42.96, 42.98, 43, 43.02, 43.04, 43.06, 43.08, 43.1, 43.12, 
    43.14, 43.16, 43.18, 43.2, 43.22, 43.24, 43.26, 43.28, 43.3, 43.32, 
    43.34, 43.36, 43.38, 43.4, 43.42, 43.44, 43.46, 43.48, 43.5, 43.52, 
    43.54, 43.56, 43.58, 43.6, 43.62, 43.64, 43.66, 43.68, 43.7, 43.72, 
    43.74, 43.76, 43.78, 43.8, 43.82, 43.84, 43.86, 43.88, 43.9, 43.92, 
    43.94, 43.96, 43.98, 44, 44.02, 44.04, 44.06, 44.08, 44.1, 44.12, 44.14, 
    44.16, 44.18, 44.2, 44.22, 44.24, 44.26, 44.28, 44.3, 44.32, 44.34, 
    44.36, 44.38, 44.4, 44.42, 44.44, 44.46, 44.48, 44.5, 44.52, 44.54, 
    44.56, 44.58, 44.6, 44.62, 44.64, 44.66, 44.68, 44.7, 44.72, 44.74, 
    44.76, 44.78, 44.8, 44.82, 44.84, 44.86, 44.88, 44.9, 44.92, 44.94, 
    44.96, 44.98, 45, 45.02, 45.04, 45.06, 45.08, 45.1, 45.12, 45.14, 45.16, 
    45.18, 45.2, 45.22, 45.24, 45.26, 45.28, 45.3, 45.32, 45.34, 45.36, 
    45.38, 45.4, 45.42, 45.44, 45.46, 45.48, 45.5, 45.52, 45.54, 45.56, 
    45.58, 45.6, 45.62, 45.64, 45.66, 45.68, 45.7, 45.72, 45.74, 45.76, 
    45.78, 45.8, 45.82, 45.84, 45.86, 45.88, 45.9, 45.92, 45.94, 45.96, 
    45.98, 46, 46.02, 46.04, 46.06, 46.08, 46.1, 46.12, 46.14, 46.16, 46.18, 
    46.2, 46.22, 46.24, 46.26, 46.28, 46.3, 46.32, 46.34, 46.36, 46.38, 46.4, 
    46.42, 46.44, 46.46, 46.48, 46.5, 46.52, 46.54, 46.56, 46.58, 46.6, 
    46.62, 46.64, 46.66, 46.68, 46.7, 46.72, 46.74, 46.76, 46.78, 46.8, 
    46.82, 46.84, 46.86, 46.88, 46.9, 46.92, 46.94, 46.96, 46.98, 47, 47.02, 
    47.04, 47.06, 47.08, 47.1, 47.12, 47.14, 47.16, 47.18, 47.2, 47.22, 
    47.24, 47.26, 47.28, 47.3, 47.32, 47.34, 47.36, 47.38, 47.4, 47.42, 
    47.44, 47.46, 47.48, 47.5, 47.52, 47.54, 47.56, 47.58, 47.6, 47.62, 
    47.64, 47.66, 47.68, 47.7, 47.72, 47.74, 47.76, 47.78, 47.8, 47.82, 
    47.84, 47.86, 47.88, 47.9, 47.92, 47.94, 47.96, 47.98, 48, 48.02, 48.04, 
    48.06, 48.08, 48.1, 48.12, 48.14, 48.16, 48.18, 48.2, 48.22, 48.24, 
    48.26, 48.28, 48.3, 48.32, 48.34, 48.36, 48.38, 48.4, 48.42, 48.44, 
    48.46, 48.48, 48.5, 48.52, 48.54, 48.56, 48.58, 48.6, 48.62, 48.64, 
    48.66, 48.68, 48.7, 48.72, 48.74, 48.76, 48.78, 48.8, 48.82, 48.84, 
    48.86, 48.88, 48.9, 48.92, 48.94, 48.96, 48.98, 49, 49.02, 49.04, 49.06, 
    49.08, 49.1, 49.12, 49.14, 49.16, 49.18, 49.2, 49.22, 49.24, 49.26, 
    49.28, 49.3, 49.32, 49.34, 49.36, 49.38, 49.4, 49.42, 49.44, 49.46, 
    49.48, 49.5, 49.52, 49.54, 49.56, 49.58, 49.6, 49.62, 49.64, 49.66, 
    49.68, 49.7, 49.72, 49.74, 49.76, 49.78, 49.8, 49.82, 49.84, 49.86, 
    49.88, 49.9, 49.92, 49.94, 49.96, 49.98, 50, 50.02, 50.04, 50.06, 50.08, 
    50.1, 50.12, 50.14, 50.16, 50.18, 50.2, 50.22, 50.24, 50.26, 50.28, 50.3, 
    50.32, 50.34, 50.36, 50.38, 50.4, 50.42, 50.44, 50.46, 50.48, 50.5, 
    50.52, 50.54, 50.56, 50.58, 50.6, 50.62, 50.64, 50.66, 50.68, 50.7, 
    50.72, 50.74, 50.76, 50.78, 50.8, 50.82, 50.84, 50.86, 50.88, 50.9, 
    50.92, 50.94, 50.96, 50.98, 51, 51.02, 51.04, 51.06, 51.08, 51.1, 51.12, 
    51.14, 51.16, 51.18, 51.2, 51.22, 51.24, 51.26, 51.28, 51.3, 51.32, 
    51.34, 51.36, 51.38, 51.4, 51.42, 51.44, 51.46, 51.48, 51.5, 51.52, 
    51.54, 51.56, 51.58, 51.6, 51.62, 51.64, 51.66, 51.68, 51.7, 51.72, 
    51.74, 51.76, 51.78, 51.8, 51.82, 51.84, 51.86, 51.88, 51.9, 51.92, 
    51.94, 51.96, 51.98, 52, 52.02 ;
}
