netcdf nc_s {
dimensions:
	lon = 1423 ;
	lat = 1604 ;
	depth = 60 ;
	time = UNLIMITED ; // (1 currently)
variables:
	double lon(lon) ;
		lon:axis = "X" ;
		lon:units = "degrees_east" ;
	double lat(lat) ;
		lat:axis = "Y" ;
		lat:units = "degrees_north" ;
	double depth(depth) ;
		depth:axis = "Z" ;
		depth:units = "m" ;
	double time(time) ;
		time:units = "days since 2010-07-01 00:00:00" ;
		time:axis = "T" ;
	float so(time, depth, lat, lon) ;
		so:missing_value = -9.99e+33f ;
		so:_FillValue = -9.99e+33f ;
data:

 lat = 19.96, 19.98, 20, 20.02, 20.04, 20.06, 20.08, 20.1, 20.12, 20.14, 
    20.16, 20.18, 20.2, 20.22, 20.24, 20.26, 20.28, 20.3, 20.32, 20.34, 
    20.36, 20.38, 20.4, 20.42, 20.44, 20.46, 20.48, 20.5, 20.52, 20.54, 
    20.56, 20.58, 20.6, 20.62, 20.64, 20.66, 20.68, 20.7, 20.72, 20.74, 
    20.76, 20.78, 20.8, 20.82, 20.84, 20.86, 20.88, 20.9, 20.92, 20.94, 
    20.96, 20.98, 21, 21.02, 21.04, 21.06, 21.08, 21.1, 21.12, 21.14, 21.16, 
    21.18, 21.2, 21.22, 21.24, 21.26, 21.28, 21.3, 21.32, 21.34, 21.36, 
    21.38, 21.4, 21.42, 21.44, 21.46, 21.48, 21.5, 21.52, 21.54, 21.56, 
    21.58, 21.6, 21.62, 21.64, 21.66, 21.68, 21.7, 21.72, 21.74, 21.76, 
    21.78, 21.8, 21.82, 21.84, 21.86, 21.88, 21.9, 21.92, 21.94, 21.96, 
    21.98, 22, 22.02, 22.04, 22.06, 22.08, 22.1, 22.12, 22.14, 22.16, 22.18, 
    22.2, 22.22, 22.24, 22.26, 22.28, 22.3, 22.32, 22.34, 22.3599999999999, 
    22.3799999999999, 22.3999999999999, 22.4199999999999, 22.4399999999999, 
    22.4599999999999, 22.4799999999999, 22.4999999999999, 22.5199999999999, 
    22.5399999999999, 22.5599999999999, 22.5799999999999, 22.5999999999999, 
    22.6199999999999, 22.6399999999999, 22.6599999999999, 22.6799999999999, 
    22.6999999999999, 22.7199999999999, 22.7399999999999, 22.7599999999999, 
    22.7799999999999, 22.7999999999999, 22.8199999999999, 22.8399999999999, 
    22.8599999999999, 22.8799999999999, 22.8999999999999, 22.9199999999999, 
    22.9399999999999, 22.9599999999999, 22.9799999999999, 22.9999999999999, 
    23.0199999999999, 23.0399999999999, 23.0599999999999, 23.0799999999999, 
    23.0999999999999, 23.1199999999999, 23.1399999999999, 23.1599999999999, 
    23.1799999999999, 23.1999999999999, 23.2199999999999, 23.2399999999999, 
    23.2599999999999, 23.2799999999999, 23.2999999999999, 23.3199999999999, 
    23.3399999999999, 23.3599999999999, 23.3799999999999, 23.3999999999999, 
    23.4199999999999, 23.4399999999999, 23.4599999999999, 23.4799999999999, 
    23.4999999999999, 23.5199999999999, 23.5399999999999, 23.5599999999999, 
    23.5799999999999, 23.5999999999999, 23.6199999999999, 23.6399999999999, 
    23.6599999999999, 23.6799999999999, 23.6999999999999, 23.7199999999999, 
    23.7399999999999, 23.7599999999999, 23.7799999999999, 23.7999999999999, 
    23.8199999999999, 23.8399999999999, 23.8599999999999, 23.8799999999999, 
    23.8999999999999, 23.9199999999999, 23.9399999999999, 23.9599999999999, 
    23.9799999999999, 23.9999999999999, 24.0199999999999, 24.0399999999999, 
    24.0599999999999, 24.0799999999999, 24.0999999999999, 24.1199999999999, 
    24.1399999999999, 24.1599999999999, 24.1799999999999, 24.1999999999999, 
    24.2199999999999, 24.2399999999999, 24.2599999999999, 24.2799999999999, 
    24.2999999999999, 24.3199999999999, 24.3399999999999, 24.3599999999999, 
    24.3799999999999, 24.3999999999999, 24.4199999999999, 24.4399999999999, 
    24.4599999999999, 24.4799999999999, 24.4999999999999, 24.5199999999999, 
    24.5399999999999, 24.5599999999999, 24.5799999999999, 24.5999999999999, 
    24.6199999999999, 24.6399999999999, 24.6599999999999, 24.6799999999999, 
    24.6999999999999, 24.7199999999999, 24.7399999999999, 24.7599999999999, 
    24.7799999999999, 24.7999999999999, 24.8199999999999, 24.8399999999999, 
    24.8599999999999, 24.8799999999999, 24.8999999999999, 24.9199999999999, 
    24.9399999999999, 24.9599999999999, 24.9799999999999, 24.9999999999999, 
    25.0199999999999, 25.0399999999999, 25.0599999999999, 25.0799999999999, 
    25.0999999999999, 25.1199999999999, 25.1399999999999, 25.1599999999999, 
    25.1799999999999, 25.1999999999999, 25.2199999999999, 25.2399999999999, 
    25.2599999999999, 25.2799999999999, 25.2999999999999, 25.3199999999999, 
    25.3399999999999, 25.3599999999999, 25.3799999999999, 25.3999999999999, 
    25.4199999999999, 25.4399999999999, 25.4599999999999, 25.4799999999999, 
    25.4999999999999, 25.5199999999999, 25.5399999999999, 25.5599999999999, 
    25.5799999999999, 25.5999999999999, 25.6199999999999, 25.6399999999999, 
    25.6599999999999, 25.6799999999999, 25.6999999999999, 25.7199999999999, 
    25.7399999999999, 25.7599999999999, 25.7799999999999, 25.7999999999999, 
    25.8199999999999, 25.8399999999999, 25.8599999999999, 25.8799999999999, 
    25.8999999999999, 25.9199999999999, 25.9399999999999, 25.9599999999999, 
    25.9799999999999, 25.9999999999999, 26.0199999999999, 26.0399999999999, 
    26.0599999999999, 26.0799999999999, 26.0999999999999, 26.1199999999999, 
    26.1399999999999, 26.1599999999999, 26.1799999999999, 26.1999999999999, 
    26.2199999999999, 26.2399999999999, 26.2599999999999, 26.2799999999999, 
    26.2999999999999, 26.3199999999999, 26.3399999999999, 26.3599999999999, 
    26.3799999999999, 26.3999999999999, 26.4199999999999, 26.4399999999999, 
    26.4599999999999, 26.4799999999999, 26.4999999999999, 26.5199999999999, 
    26.5399999999999, 26.5599999999999, 26.5799999999999, 26.5999999999999, 
    26.6199999999999, 26.6399999999999, 26.6599999999999, 26.6799999999999, 
    26.6999999999999, 26.7199999999999, 26.7399999999999, 26.7599999999999, 
    26.7799999999999, 26.7999999999999, 26.8199999999999, 26.8399999999999, 
    26.8599999999999, 26.8799999999999, 26.8999999999999, 26.9199999999999, 
    26.9399999999999, 26.9599999999999, 26.9799999999999, 26.9999999999999, 
    27.0199999999999, 27.0399999999998, 27.0599999999998, 27.0799999999998, 
    27.0999999999998, 27.1199999999998, 27.1399999999998, 27.1599999999998, 
    27.1799999999998, 27.1999999999998, 27.2199999999998, 27.2399999999998, 
    27.2599999999998, 27.2799999999998, 27.2999999999998, 27.3199999999998, 
    27.3399999999998, 27.3599999999998, 27.3799999999998, 27.3999999999998, 
    27.4199999999998, 27.4399999999998, 27.4599999999998, 27.4799999999998, 
    27.4999999999998, 27.5199999999998, 27.5399999999998, 27.5599999999998, 
    27.5799999999998, 27.5999999999998, 27.6199999999998, 27.6399999999998, 
    27.6599999999998, 27.6799999999998, 27.6999999999998, 27.7199999999998, 
    27.7399999999998, 27.7599999999998, 27.7799999999998, 27.7999999999998, 
    27.8199999999998, 27.8399999999998, 27.8599999999998, 27.8799999999998, 
    27.8999999999998, 27.9199999999998, 27.9399999999998, 27.9599999999998, 
    27.9799999999998, 27.9999999999998, 28.0199999999998, 28.0399999999998, 
    28.0599999999998, 28.0799999999998, 28.0999999999998, 28.1199999999998, 
    28.1399999999998, 28.1599999999998, 28.1799999999998, 28.1999999999998, 
    28.2199999999998, 28.2399999999998, 28.2599999999998, 28.2799999999998, 
    28.2999999999998, 28.3199999999998, 28.3399999999998, 28.3599999999998, 
    28.3799999999998, 28.3999999999998, 28.4199999999998, 28.4399999999998, 
    28.4599999999998, 28.4799999999998, 28.4999999999998, 28.5199999999998, 
    28.5399999999998, 28.5599999999998, 28.5799999999998, 28.5999999999998, 
    28.6199999999998, 28.6399999999998, 28.6599999999998, 28.6799999999998, 
    28.6999999999998, 28.7199999999998, 28.7399999999998, 28.7599999999998, 
    28.7799999999998, 28.7999999999998, 28.8199999999998, 28.8399999999998, 
    28.8599999999998, 28.8799999999998, 28.8999999999998, 28.9199999999998, 
    28.9399999999998, 28.9599999999998, 28.9799999999998, 28.9999999999998, 
    29.0199999999998, 29.0399999999998, 29.0599999999998, 29.0799999999998, 
    29.0999999999998, 29.1199999999998, 29.1399999999998, 29.1599999999998, 
    29.1799999999998, 29.1999999999998, 29.2199999999998, 29.2399999999998, 
    29.2599999999998, 29.2799999999998, 29.2999999999998, 29.3199999999998, 
    29.3399999999998, 29.3599999999998, 29.3799999999998, 29.3999999999998, 
    29.4199999999998, 29.4399999999998, 29.4599999999998, 29.4799999999998, 
    29.4999999999998, 29.5199999999998, 29.5399999999998, 29.5599999999998, 
    29.5799999999998, 29.5999999999998, 29.6199999999998, 29.6399999999998, 
    29.6599999999998, 29.6799999999998, 29.6999999999998, 29.7199999999998, 
    29.7399999999998, 29.7599999999998, 29.7799999999998, 29.7999999999998, 
    29.8199999999998, 29.8399999999998, 29.8599999999998, 29.8799999999998, 
    29.8999999999998, 29.9199999999998, 29.9399999999998, 29.9599999999998, 
    29.9799999999998, 29.9999999999998, 30.0199999999998, 30.0399999999998, 
    30.0599999999998, 30.0799999999998, 30.0999999999998, 30.1199999999998, 
    30.1399999999998, 30.1599999999998, 30.1799999999998, 30.1999999999998, 
    30.2199999999998, 30.2399999999998, 30.2599999999998, 30.2799999999998, 
    30.2999999999998, 30.3199999999998, 30.3399999999998, 30.3599999999998, 
    30.3799999999998, 30.3999999999998, 30.4199999999998, 30.4399999999998, 
    30.4599999999998, 30.4799999999998, 30.4999999999998, 30.5199999999998, 
    30.5399999999998, 30.5599999999998, 30.5799999999998, 30.5999999999998, 
    30.6199999999998, 30.6399999999998, 30.6599999999998, 30.6799999999998, 
    30.6999999999998, 30.7199999999998, 30.7399999999998, 30.7599999999998, 
    30.7799999999998, 30.7999999999998, 30.8199999999998, 30.8399999999998, 
    30.8599999999998, 30.8799999999998, 30.8999999999998, 30.9199999999998, 
    30.9399999999998, 30.9599999999998, 30.9799999999998, 30.9999999999998, 
    31.0199999999998, 31.0399999999998, 31.0599999999998, 31.0799999999998, 
    31.0999999999998, 31.1199999999998, 31.1399999999998, 31.1599999999998, 
    31.1799999999998, 31.1999999999998, 31.2199999999998, 31.2399999999998, 
    31.2599999999998, 31.2799999999998, 31.2999999999998, 31.3199999999998, 
    31.3399999999998, 31.3599999999998, 31.3799999999998, 31.3999999999998, 
    31.4199999999998, 31.4399999999998, 31.4599999999998, 31.4799999999998, 
    31.4999999999998, 31.5199999999998, 31.5399999999998, 31.5599999999998, 
    31.5799999999998, 31.5999999999998, 31.6199999999998, 31.6399999999998, 
    31.6599999999998, 31.6799999999998, 31.6999999999998, 31.7199999999998, 
    31.7399999999997, 31.7599999999997, 31.7799999999997, 31.7999999999997, 
    31.8199999999997, 31.8399999999997, 31.8599999999997, 31.8799999999997, 
    31.8999999999997, 31.9199999999997, 31.9399999999997, 31.9599999999997, 
    31.9799999999997, 31.9999999999997, 32.0199999999997, 32.0399999999998, 
    32.0599999999998, 32.0799999999998, 32.0999999999998, 32.1199999999998, 
    32.1399999999998, 32.1599999999998, 32.1799999999998, 32.1999999999998, 
    32.2199999999998, 32.2399999999998, 32.2599999999998, 32.2799999999998, 
    32.2999999999998, 32.3199999999998, 32.3399999999998, 32.3599999999998, 
    32.3799999999998, 32.3999999999998, 32.4199999999998, 32.4399999999998, 
    32.4599999999998, 32.4799999999998, 32.4999999999998, 32.5199999999998, 
    32.5399999999998, 32.5599999999998, 32.5799999999998, 32.5999999999998, 
    32.6199999999998, 32.6399999999998, 32.6599999999998, 32.6799999999999, 
    32.6999999999999, 32.7199999999999, 32.7399999999999, 32.7599999999999, 
    32.7799999999999, 32.7999999999999, 32.8199999999999, 32.8399999999999, 
    32.8599999999999, 32.8799999999999, 32.8999999999999, 32.9199999999999, 
    32.9399999999999, 32.9599999999999, 32.9799999999999, 32.9999999999999, 
    33.0199999999999, 33.0399999999999, 33.0599999999999, 33.0799999999999, 
    33.0999999999999, 33.1199999999999, 33.1399999999999, 33.1599999999999, 
    33.1799999999999, 33.1999999999999, 33.2199999999999, 33.2399999999999, 
    33.2599999999999, 33.2799999999999, 33.2999999999999, 33.32, 33.34, 
    33.36, 33.38, 33.4, 33.42, 33.44, 33.46, 33.48, 33.5, 33.52, 33.54, 
    33.56, 33.58, 33.6, 33.62, 33.64, 33.66, 33.68, 33.7, 33.72, 33.74, 
    33.76, 33.78, 33.8, 33.82, 33.84, 33.86, 33.88, 33.9, 33.92, 33.94, 
    33.9600000000001, 33.9800000000001, 34.0000000000001, 34.0200000000001, 
    34.0400000000001, 34.0600000000001, 34.0800000000001, 34.1000000000001, 
    34.1200000000001, 34.1400000000001, 34.1600000000001, 34.1800000000001, 
    34.2000000000001, 34.2200000000001, 34.2400000000001, 34.2600000000001, 
    34.2800000000001, 34.3000000000001, 34.3200000000001, 34.3400000000001, 
    34.3600000000001, 34.3800000000001, 34.4000000000001, 34.4200000000001, 
    34.4400000000001, 34.4600000000001, 34.4800000000001, 34.5000000000001, 
    34.5200000000001, 34.5400000000001, 34.5600000000001, 34.5800000000001, 
    34.6000000000002, 34.6200000000002, 34.6400000000002, 34.6600000000002, 
    34.6800000000002, 34.7000000000002, 34.7200000000002, 34.7400000000002, 
    34.7600000000002, 34.7800000000002, 34.8000000000002, 34.8200000000002, 
    34.8400000000002, 34.8600000000002, 34.8800000000002, 34.9000000000002, 
    34.9200000000002, 34.9400000000002, 34.9600000000002, 34.9800000000002, 
    35.0000000000002, 35.0200000000002, 35.0400000000002, 35.0600000000002, 
    35.0800000000002, 35.1000000000002, 35.1200000000002, 35.1400000000002, 
    35.1600000000002, 35.1800000000002, 35.2000000000002, 35.2200000000002, 
    35.2400000000003, 35.2600000000003, 35.2800000000003, 35.3000000000003, 
    35.3200000000003, 35.3400000000003, 35.3600000000003, 35.3800000000003, 
    35.4000000000003, 35.4200000000003, 35.4400000000003, 35.4600000000003, 
    35.4800000000003, 35.5000000000003, 35.5200000000003, 35.5400000000003, 
    35.5600000000003, 35.5800000000003, 35.6000000000003, 35.6200000000003, 
    35.6400000000003, 35.6600000000003, 35.6800000000003, 35.7000000000003, 
    35.7200000000003, 35.7400000000003, 35.7600000000003, 35.7800000000003, 
    35.8000000000003, 35.8200000000003, 35.8400000000003, 35.8600000000003, 
    35.8800000000004, 35.9000000000004, 35.9200000000004, 35.9400000000004, 
    35.9600000000004, 35.9800000000004, 36.0000000000004, 36.0200000000004, 
    36.0400000000004, 36.0600000000004, 36.0800000000004, 36.1000000000004, 
    36.1200000000004, 36.1400000000004, 36.1600000000004, 36.1800000000004, 
    36.2000000000004, 36.2200000000004, 36.2400000000004, 36.2600000000004, 
    36.2800000000004, 36.3000000000004, 36.3200000000004, 36.3400000000004, 
    36.3600000000004, 36.3800000000004, 36.4000000000004, 36.4200000000004, 
    36.4400000000004, 36.4600000000004, 36.4800000000004, 36.5000000000004, 
    36.5200000000005, 36.5400000000005, 36.5600000000005, 36.5800000000005, 
    36.6000000000005, 36.6200000000005, 36.6400000000005, 36.6600000000005, 
    36.6800000000005, 36.7000000000005, 36.7200000000005, 36.7400000000005, 
    36.7600000000005, 36.7800000000005, 36.8000000000005, 36.8200000000005, 
    36.8400000000005, 36.8600000000005, 36.8800000000005, 36.9000000000005, 
    36.9200000000005, 36.9400000000005, 36.9600000000005, 36.9800000000005, 
    37.0000000000005, 37.0200000000005, 37.0400000000005, 37.0600000000005, 
    37.0800000000005, 37.1000000000005, 37.1200000000005, 37.1400000000005, 
    37.1600000000006, 37.1800000000006, 37.2000000000006, 37.2200000000006, 
    37.2400000000006, 37.2600000000006, 37.2800000000006, 37.3000000000006, 
    37.3200000000006, 37.3400000000006, 37.3600000000006, 37.3800000000006, 
    37.4000000000006, 37.4200000000006, 37.4400000000006, 37.4600000000006, 
    37.4800000000006, 37.5000000000006, 37.5200000000006, 37.5400000000006, 
    37.5600000000006, 37.5800000000006, 37.6000000000006, 37.6200000000006, 
    37.6400000000006, 37.6600000000006, 37.6800000000006, 37.7000000000006, 
    37.7200000000006, 37.7400000000006, 37.7600000000006, 37.7800000000006, 
    37.8000000000007, 37.8200000000007, 37.8400000000007, 37.8600000000007, 
    37.8800000000007, 37.9000000000007, 37.9200000000007, 37.9400000000007, 
    37.9600000000007, 37.9800000000007, 38.0000000000007, 38.0200000000007, 
    38.0400000000007, 38.0600000000007, 38.0800000000007, 38.1000000000007, 
    38.1200000000007, 38.1400000000007, 38.1600000000007, 38.1800000000007, 
    38.2000000000007, 38.2200000000007, 38.2400000000007, 38.2600000000007, 
    38.2800000000007, 38.3000000000007, 38.3200000000007, 38.3400000000007, 
    38.3600000000007, 38.3800000000007, 38.4000000000007, 38.4200000000007, 
    38.4400000000008, 38.4600000000008, 38.4800000000008, 38.5000000000008, 
    38.5200000000008, 38.5400000000008, 38.5600000000008, 38.5800000000008, 
    38.6000000000008, 38.6200000000008, 38.6400000000008, 38.6600000000008, 
    38.6800000000008, 38.7000000000008, 38.7200000000008, 38.7400000000008, 
    38.7600000000008, 38.7800000000008, 38.8000000000008, 38.8200000000008, 
    38.8400000000008, 38.8600000000008, 38.8800000000008, 38.9000000000008, 
    38.9200000000008, 38.9400000000008, 38.9600000000008, 38.9800000000008, 
    39.0000000000008, 39.0200000000008, 39.0400000000008, 39.0600000000008, 
    39.0800000000009, 39.1000000000009, 39.1200000000009, 39.1400000000009, 
    39.1600000000009, 39.1800000000009, 39.2000000000009, 39.2200000000009, 
    39.2400000000009, 39.2600000000009, 39.2800000000009, 39.3000000000009, 
    39.3200000000009, 39.3400000000009, 39.3600000000009, 39.3800000000009, 
    39.4000000000009, 39.4200000000009, 39.4400000000009, 39.4600000000009, 
    39.4800000000009, 39.5000000000009, 39.5200000000009, 39.5400000000009, 
    39.5600000000009, 39.5800000000009, 39.6000000000009, 39.6200000000009, 
    39.6400000000009, 39.6600000000009, 39.6800000000009, 39.7000000000009, 
    39.720000000001, 39.740000000001, 39.760000000001, 39.780000000001, 
    39.800000000001, 39.820000000001, 39.840000000001, 39.860000000001, 
    39.880000000001, 39.900000000001, 39.920000000001, 39.940000000001, 
    39.960000000001, 39.980000000001, 40.000000000001, 40.020000000001, 
    40.040000000001, 40.060000000001, 40.080000000001, 40.100000000001, 
    40.120000000001, 40.140000000001, 40.160000000001, 40.180000000001, 
    40.200000000001, 40.220000000001, 40.240000000001, 40.260000000001, 
    40.280000000001, 40.300000000001, 40.320000000001, 40.340000000001, 
    40.3600000000011, 40.3800000000011, 40.4000000000011, 40.4200000000011, 
    40.4400000000011, 40.4600000000011, 40.4800000000011, 40.5000000000011, 
    40.5200000000011, 40.5400000000011, 40.5600000000011, 40.5800000000011, 
    40.6000000000011, 40.6200000000011, 40.6400000000011, 40.6600000000011, 
    40.6800000000011, 40.7000000000011, 40.7200000000011, 40.7400000000011, 
    40.7600000000011, 40.7800000000011, 40.8000000000011, 40.8200000000011, 
    40.8400000000011, 40.8600000000011, 40.8800000000011, 40.9000000000011, 
    40.9200000000011, 40.9400000000011, 40.9600000000011, 40.9800000000011, 
    41.0000000000012, 41.0200000000012, 41.0400000000012, 41.0600000000012, 
    41.0800000000012, 41.1000000000012, 41.1200000000012, 41.1400000000012, 
    41.1600000000012, 41.1800000000012, 41.2000000000012, 41.2200000000012, 
    41.2400000000012, 41.2600000000012, 41.2800000000012, 41.3000000000012, 
    41.3200000000012, 41.3400000000012, 41.3600000000012, 41.3800000000012, 
    41.4000000000012, 41.4200000000012, 41.4400000000012, 41.4600000000012, 
    41.4800000000012, 41.5000000000012, 41.5200000000012, 41.5400000000012, 
    41.5600000000012, 41.5800000000012, 41.6000000000012, 41.6200000000012, 
    41.6400000000013, 41.6600000000013, 41.6800000000013, 41.7000000000013, 
    41.7200000000013, 41.7400000000013, 41.7600000000013, 41.7800000000013, 
    41.8000000000013, 41.8200000000013, 41.8400000000013, 41.8600000000013, 
    41.8800000000013, 41.9000000000013, 41.9200000000013, 41.9400000000013, 
    41.9600000000013, 41.9800000000013, 42.0000000000013, 42.0200000000013, 
    42.0400000000013, 42.0600000000013, 42.0800000000013, 42.1000000000013, 
    42.1200000000013, 42.1400000000013, 42.1600000000013, 42.1800000000013, 
    42.2000000000013, 42.2200000000013, 42.2400000000013, 42.2600000000013, 
    42.2800000000014, 42.3000000000014, 42.3200000000014, 42.3400000000014, 
    42.3600000000014, 42.3800000000014, 42.4000000000014, 42.4200000000014, 
    42.4400000000014, 42.4600000000014, 42.4800000000014, 42.5000000000014, 
    42.5200000000014, 42.5400000000014, 42.5600000000014, 42.5800000000014, 
    42.6000000000014, 42.6200000000014, 42.6400000000014, 42.6600000000014, 
    42.6800000000014, 42.7000000000014, 42.7200000000014, 42.7400000000014, 
    42.7600000000014, 42.7800000000014, 42.8000000000014, 42.8200000000014, 
    42.8400000000014, 42.8600000000014, 42.8800000000014, 42.9000000000014, 
    42.9200000000015, 42.9400000000015, 42.9600000000015, 42.9800000000015, 
    43.0000000000015, 43.0200000000015, 43.0400000000015, 43.0600000000015, 
    43.0800000000015, 43.1000000000015, 43.1200000000015, 43.1400000000015, 
    43.1600000000015, 43.1800000000015, 43.2000000000015, 43.2200000000015, 
    43.2400000000015, 43.2600000000015, 43.2800000000015, 43.3000000000015, 
    43.3200000000015, 43.3400000000015, 43.3600000000015, 43.3800000000015, 
    43.4000000000015, 43.4200000000015, 43.4400000000015, 43.4600000000015, 
    43.4800000000015, 43.5000000000015, 43.5200000000015, 43.5400000000015, 
    43.5600000000016, 43.5800000000016, 43.6000000000016, 43.6200000000016, 
    43.6400000000016, 43.6600000000016, 43.6800000000016, 43.7000000000016, 
    43.7200000000016, 43.7400000000016, 43.7600000000016, 43.7800000000016, 
    43.8000000000016, 43.8200000000016, 43.8400000000016, 43.8600000000016, 
    43.8800000000016, 43.9000000000016, 43.9200000000016, 43.9400000000016, 
    43.9600000000016, 43.9800000000016, 44.0000000000016, 44.0200000000016, 
    44.0400000000016, 44.0600000000016, 44.0800000000016, 44.1000000000016, 
    44.1200000000016, 44.1400000000016, 44.1600000000016, 44.1800000000016, 
    44.2000000000017, 44.2200000000017, 44.2400000000017, 44.2600000000017, 
    44.2800000000017, 44.3000000000017, 44.3200000000017, 44.3400000000017, 
    44.3600000000017, 44.3800000000017, 44.4000000000017, 44.4200000000017, 
    44.4400000000017, 44.4600000000017, 44.4800000000017, 44.5000000000017, 
    44.5200000000017, 44.5400000000017, 44.5600000000017, 44.5800000000017, 
    44.6000000000017, 44.6200000000017, 44.6400000000017, 44.6600000000017, 
    44.6800000000017, 44.7000000000017, 44.7200000000017, 44.7400000000017, 
    44.7600000000017, 44.7800000000017, 44.8000000000017, 44.8200000000017, 
    44.8400000000018, 44.8600000000018, 44.8800000000018, 44.9000000000018, 
    44.9200000000018, 44.9400000000018, 44.9600000000018, 44.9800000000018, 
    45.0000000000018, 45.0200000000018, 45.0400000000018, 45.0600000000018, 
    45.0800000000018, 45.1000000000018, 45.1200000000018, 45.1400000000018, 
    45.1600000000018, 45.1800000000018, 45.2000000000018, 45.2200000000018, 
    45.2400000000018, 45.2600000000018, 45.2800000000018, 45.3000000000018, 
    45.3200000000018, 45.3400000000018, 45.3600000000018, 45.3800000000018, 
    45.4000000000018, 45.4200000000018, 45.4400000000018, 45.4600000000018, 
    45.4800000000019, 45.5000000000019, 45.5200000000019, 45.5400000000019, 
    45.5600000000019, 45.5800000000019, 45.6000000000019, 45.6200000000019, 
    45.6400000000019, 45.6600000000019, 45.6800000000019, 45.7000000000019, 
    45.7200000000019, 45.7400000000019, 45.7600000000019, 45.7800000000019, 
    45.8000000000019, 45.8200000000019, 45.8400000000019, 45.8600000000019, 
    45.8800000000019, 45.9000000000019, 45.9200000000019, 45.9400000000019, 
    45.9600000000019, 45.9800000000019, 46.0000000000019, 46.0200000000019, 
    46.0400000000019, 46.0600000000019, 46.0800000000019, 46.1000000000019, 
    46.120000000002, 46.140000000002, 46.160000000002, 46.180000000002, 
    46.200000000002, 46.220000000002, 46.240000000002, 46.260000000002, 
    46.280000000002, 46.300000000002, 46.320000000002, 46.340000000002, 
    46.360000000002, 46.380000000002, 46.400000000002, 46.420000000002, 
    46.440000000002, 46.460000000002, 46.480000000002, 46.500000000002, 
    46.520000000002, 46.540000000002, 46.560000000002, 46.580000000002, 
    46.600000000002, 46.620000000002, 46.640000000002, 46.660000000002, 
    46.680000000002, 46.700000000002, 46.720000000002, 46.740000000002, 
    46.7600000000021, 46.7800000000021, 46.8000000000021, 46.8200000000021, 
    46.8400000000021, 46.8600000000021, 46.8800000000021, 46.9000000000021, 
    46.9200000000021, 46.9400000000021, 46.9600000000021, 46.9800000000021, 
    47.0000000000021, 47.0200000000021, 47.0400000000021, 47.0600000000021, 
    47.0800000000021, 47.1000000000021, 47.1200000000021, 47.1400000000021, 
    47.1600000000021, 47.1800000000021, 47.2000000000021, 47.2200000000021, 
    47.2400000000021, 47.2600000000021, 47.2800000000021, 47.3000000000021, 
    47.3200000000021, 47.3400000000021, 47.3600000000021, 47.3800000000021, 
    47.4000000000022, 47.4200000000022, 47.4400000000022, 47.4600000000022, 
    47.4800000000022, 47.5000000000022, 47.5200000000022, 47.5400000000022, 
    47.5600000000022, 47.5800000000022, 47.6000000000022, 47.6200000000022, 
    47.6400000000022, 47.6600000000022, 47.6800000000022, 47.7000000000022, 
    47.7200000000022, 47.7400000000022, 47.7600000000022, 47.7800000000022, 
    47.8000000000022, 47.8200000000022, 47.8400000000022, 47.8600000000022, 
    47.8800000000022, 47.9000000000022, 47.9200000000022, 47.9400000000022, 
    47.9600000000022, 47.9800000000022, 48.0000000000022, 48.0200000000022, 
    48.0400000000023, 48.0600000000023, 48.0800000000023, 48.1000000000023, 
    48.1200000000023, 48.1400000000023, 48.1600000000023, 48.1800000000023, 
    48.2000000000023, 48.2200000000023, 48.2400000000023, 48.2600000000023, 
    48.2800000000023, 48.3000000000023, 48.3200000000023, 48.3400000000023, 
    48.3600000000023, 48.3800000000023, 48.4000000000023, 48.4200000000023, 
    48.4400000000023, 48.4600000000023, 48.4800000000023, 48.5000000000023, 
    48.5200000000023, 48.5400000000023, 48.5600000000023, 48.5800000000023, 
    48.6000000000023, 48.6200000000023, 48.6400000000023, 48.6600000000023, 
    48.6800000000024, 48.7000000000024, 48.7200000000024, 48.7400000000024, 
    48.7600000000024, 48.7800000000024, 48.8000000000024, 48.8200000000024, 
    48.8400000000024, 48.8600000000024, 48.8800000000024, 48.9000000000024, 
    48.9200000000024, 48.9400000000024, 48.9600000000024, 48.9800000000024, 
    49.0000000000024, 49.0200000000024, 49.0400000000024, 49.0600000000024, 
    49.0800000000024, 49.1000000000024, 49.1200000000024, 49.1400000000024, 
    49.1600000000024, 49.1800000000024, 49.2000000000024, 49.2200000000024, 
    49.2400000000024, 49.2600000000024, 49.2800000000024, 49.3000000000024, 
    49.3200000000025, 49.3400000000025, 49.3600000000025, 49.3800000000025, 
    49.4000000000025, 49.4200000000025, 49.4400000000025, 49.4600000000025, 
    49.4800000000025, 49.5000000000025, 49.5200000000025, 49.5400000000025, 
    49.5600000000025, 49.5800000000025, 49.6000000000025, 49.6200000000025, 
    49.6400000000025, 49.6600000000025, 49.6800000000025, 49.7000000000025, 
    49.7200000000025, 49.7400000000025, 49.7600000000025, 49.7800000000025, 
    49.8000000000025, 49.8200000000025, 49.8400000000025, 49.8600000000025, 
    49.8800000000025, 49.9000000000025, 49.9200000000025, 49.9400000000025, 
    49.9600000000026, 49.9800000000026, 50.0000000000026, 50.0200000000026, 
    50.0400000000026, 50.0600000000026, 50.0800000000026, 50.1000000000026, 
    50.1200000000026, 50.1400000000026, 50.1600000000026, 50.1800000000026, 
    50.2000000000026, 50.2200000000026, 50.2400000000026, 50.2600000000026, 
    50.2800000000026, 50.3000000000026, 50.3200000000026, 50.3400000000026, 
    50.3600000000026, 50.3800000000026, 50.4000000000026, 50.4200000000026, 
    50.4400000000026, 50.4600000000026, 50.4800000000026, 50.5000000000026, 
    50.5200000000026, 50.5400000000026, 50.5600000000026, 50.5800000000026, 
    50.6000000000027, 50.6200000000027, 50.6400000000027, 50.6600000000027, 
    50.6800000000027, 50.7000000000027, 50.7200000000027, 50.7400000000027, 
    50.7600000000027, 50.7800000000027, 50.8000000000027, 50.8200000000027, 
    50.8400000000027, 50.8600000000027, 50.8800000000027, 50.9000000000027, 
    50.9200000000027, 50.9400000000027, 50.9600000000027, 50.9800000000027, 
    51.0000000000027, 51.0200000000027, 51.0400000000027, 51.0600000000027, 
    51.0800000000027, 51.1000000000027, 51.1200000000027, 51.1400000000027, 
    51.1600000000027, 51.1800000000027, 51.2000000000027, 51.2200000000027, 
    51.2400000000028, 51.2600000000028, 51.2800000000028, 51.3000000000028, 
    51.3200000000028, 51.3400000000028, 51.3600000000028, 51.3800000000028, 
    51.4000000000028, 51.4200000000028, 51.4400000000028, 51.4600000000028, 
    51.4800000000028, 51.5000000000028, 51.5200000000028, 51.5400000000028, 
    51.5600000000028, 51.5800000000028, 51.6000000000028, 51.6200000000028, 
    51.6400000000028, 51.6600000000028, 51.6800000000028, 51.7000000000028, 
    51.7200000000028, 51.7400000000028, 51.7600000000028, 51.7800000000028, 
    51.8000000000028, 51.8200000000028, 51.8400000000028, 51.8600000000028, 
    51.8800000000029, 51.9000000000029, 51.9200000000029, 51.9400000000029, 
    51.9600000000029, 51.9800000000029, 52.0000000000029, 52.0200000000029 ;
}
