netcdf nc_t {
dimensions:
	lon = 1423 ;
	lat = 1604 ;
	depth = 60 ;
	time = UNLIMITED ; // (1 currently)
variables:
	double lon(lon) ;
		lon:axis = "X" ;
		lon:units = "degrees_east" ;
	double lat(lat) ;
		lat:axis = "Y" ;
		lat:units = "degrees_north" ;
	double depth(depth) ;
		depth:axis = "Z" ;
		depth:units = "m" ;
	double time(time) ;
		time:units = "days since 2010-07-01 00:00:00" ;
		time:axis = "T" ;
	float thetao(time, depth, lat, lon) ;
		thetao:missing_value = -9.99e+33f ;
		thetao:_FillValue = -9.99e+33f ;
data:

 lon = 116.939393939394, 116.969696969697, 117, 117.030303030303, 
    117.060606060606, 117.090909090909, 117.121212121212, 117.151515151515, 
    117.181818181818, 117.212121212121, 117.242424242424, 117.272727272727, 
    117.30303030303, 117.333333333333, 117.363636363636, 117.393939393939, 
    117.424242424242, 117.454545454545, 117.484848484848, 117.515151515152, 
    117.545454545455, 117.575757575758, 117.606060606061, 117.636363636364, 
    117.666666666667, 117.69696969697, 117.727272727273, 117.757575757576, 
    117.787878787879, 117.818181818182, 117.848484848485, 117.878787878788, 
    117.909090909091, 117.939393939394, 117.969696969697, 118, 
    118.030303030303, 118.060606060606, 118.090909090909, 118.121212121212, 
    118.151515151515, 118.181818181818, 118.212121212121, 118.242424242424, 
    118.272727272727, 118.30303030303, 118.333333333333, 118.363636363636, 
    118.393939393939, 118.424242424242, 118.454545454545, 118.484848484849, 
    118.515151515152, 118.545454545455, 118.575757575758, 118.606060606061, 
    118.636363636364, 118.666666666667, 118.69696969697, 118.727272727273, 
    118.757575757576, 118.787878787879, 118.818181818182, 118.848484848485, 
    118.878787878788, 118.909090909091, 118.939393939394, 118.969696969697, 
    119, 119.030303030303, 119.060606060606, 119.090909090909, 
    119.121212121212, 119.151515151515, 119.181818181818, 119.212121212121, 
    119.242424242424, 119.272727272727, 119.30303030303, 119.333333333333, 
    119.363636363636, 119.393939393939, 119.424242424242, 119.454545454546, 
    119.484848484849, 119.515151515152, 119.545454545455, 119.575757575758, 
    119.606060606061, 119.636363636364, 119.666666666667, 119.69696969697, 
    119.727272727273, 119.757575757576, 119.787878787879, 119.818181818182, 
    119.848484848485, 119.878787878788, 119.909090909091, 119.939393939394, 
    119.969696969697, 120, 120.030303030303, 120.060606060606, 
    120.090909090909, 120.121212121212, 120.151515151515, 120.181818181818, 
    120.212121212121, 120.242424242424, 120.272727272727, 120.30303030303, 
    120.333333333333, 120.363636363636, 120.393939393939, 120.424242424243, 
    120.454545454546, 120.484848484849, 120.515151515152, 120.545454545455, 
    120.575757575758, 120.606060606061, 120.636363636364, 120.666666666667, 
    120.69696969697, 120.727272727273, 120.757575757576, 120.787878787879, 
    120.818181818182, 120.848484848485, 120.878787878788, 120.909090909091, 
    120.939393939394, 120.969696969697, 121, 121.030303030303, 
    121.060606060606, 121.090909090909, 121.121212121212, 121.151515151515, 
    121.181818181818, 121.212121212121, 121.242424242424, 121.272727272727, 
    121.30303030303, 121.333333333333, 121.363636363636, 121.39393939394, 
    121.424242424243, 121.454545454546, 121.484848484849, 121.515151515152, 
    121.545454545455, 121.575757575758, 121.606060606061, 121.636363636364, 
    121.666666666667, 121.69696969697, 121.727272727273, 121.757575757576, 
    121.787878787879, 121.818181818182, 121.848484848485, 121.878787878788, 
    121.909090909091, 121.939393939394, 121.969696969697, 122, 
    122.030303030303, 122.060606060606, 122.090909090909, 122.121212121212, 
    122.151515151515, 122.181818181818, 122.212121212121, 122.242424242424, 
    122.272727272727, 122.30303030303, 122.333333333333, 122.363636363637, 
    122.39393939394, 122.424242424243, 122.454545454546, 122.484848484849, 
    122.515151515152, 122.545454545455, 122.575757575758, 122.606060606061, 
    122.636363636364, 122.666666666667, 122.69696969697, 122.727272727273, 
    122.757575757576, 122.787878787879, 122.818181818182, 122.848484848485, 
    122.878787878788, 122.909090909091, 122.939393939394, 122.969696969697, 
    123, 123.030303030303, 123.060606060606, 123.090909090909, 
    123.121212121212, 123.151515151515, 123.181818181818, 123.212121212121, 
    123.242424242424, 123.272727272727, 123.30303030303, 123.333333333334, 
    123.363636363637, 123.39393939394, 123.424242424243, 123.454545454546, 
    123.484848484849, 123.515151515152, 123.545454545455, 123.575757575758, 
    123.606060606061, 123.636363636364, 123.666666666667, 123.69696969697, 
    123.727272727273, 123.757575757576, 123.787878787879, 123.818181818182, 
    123.848484848485, 123.878787878788, 123.909090909091, 123.939393939394, 
    123.969696969697, 124, 124.030303030303, 124.060606060606, 
    124.090909090909, 124.121212121212, 124.151515151515, 124.181818181818, 
    124.212121212121, 124.242424242424, 124.272727272727, 124.303030303031, 
    124.333333333334, 124.363636363637, 124.39393939394, 124.424242424243, 
    124.454545454546, 124.484848484849, 124.515151515152, 124.545454545455, 
    124.575757575758, 124.606060606061, 124.636363636364, 124.666666666667, 
    124.69696969697, 124.727272727273, 124.757575757576, 124.787878787879, 
    124.818181818182, 124.848484848485, 124.878787878788, 124.909090909091, 
    124.939393939394, 124.969696969697, 125, 125.030303030303, 
    125.060606060606, 125.090909090909, 125.121212121212, 125.151515151515, 
    125.181818181818, 125.212121212121, 125.242424242424, 125.272727272728, 
    125.303030303031, 125.333333333334, 125.363636363637, 125.39393939394, 
    125.424242424243, 125.454545454546, 125.484848484849, 125.515151515152, 
    125.545454545455, 125.575757575758, 125.606060606061, 125.636363636364, 
    125.666666666667, 125.69696969697, 125.727272727273, 125.757575757576, 
    125.787878787879, 125.818181818182, 125.848484848485, 125.878787878788, 
    125.909090909091, 125.939393939394, 125.969696969697, 126, 
    126.030303030303, 126.060606060606, 126.090909090909, 126.121212121212, 
    126.151515151515, 126.181818181818, 126.212121212121, 126.242424242425, 
    126.272727272728, 126.303030303031, 126.333333333334, 126.363636363637, 
    126.39393939394, 126.424242424243, 126.454545454546, 126.484848484849, 
    126.515151515152, 126.545454545455, 126.575757575758, 126.606060606061, 
    126.636363636364, 126.666666666667, 126.69696969697, 126.727272727273, 
    126.757575757576, 126.787878787879, 126.818181818182, 126.848484848485, 
    126.878787878788, 126.909090909091, 126.939393939394, 126.969696969697, 
    127, 127.030303030303, 127.060606060606, 127.090909090909, 
    127.121212121212, 127.151515151515, 127.181818181818, 127.212121212122, 
    127.242424242425, 127.272727272728, 127.303030303031, 127.333333333334, 
    127.363636363637, 127.39393939394, 127.424242424243, 127.454545454546, 
    127.484848484849, 127.515151515152, 127.545454545455, 127.575757575758, 
    127.606060606061, 127.636363636364, 127.666666666667, 127.69696969697, 
    127.727272727273, 127.757575757576, 127.787878787879, 127.818181818182, 
    127.848484848485, 127.878787878788, 127.909090909091, 127.939393939394, 
    127.969696969697, 128, 128.030303030303, 128.060606060606, 
    128.090909090909, 128.121212121212, 128.151515151515, 128.181818181818, 
    128.212121212122, 128.242424242425, 128.272727272728, 128.303030303031, 
    128.333333333334, 128.363636363637, 128.39393939394, 128.424242424243, 
    128.454545454546, 128.484848484849, 128.515151515152, 128.545454545455, 
    128.575757575758, 128.606060606061, 128.636363636364, 128.666666666667, 
    128.69696969697, 128.727272727273, 128.757575757576, 128.787878787879, 
    128.818181818182, 128.848484848485, 128.878787878788, 128.909090909091, 
    128.939393939394, 128.969696969697, 129, 129.030303030303, 
    129.060606060606, 129.090909090909, 129.121212121212, 129.151515151515, 
    129.181818181819, 129.212121212122, 129.242424242425, 129.272727272728, 
    129.303030303031, 129.333333333334, 129.363636363637, 129.39393939394, 
    129.424242424243, 129.454545454546, 129.484848484849, 129.515151515152, 
    129.545454545455, 129.575757575758, 129.606060606061, 129.636363636364, 
    129.666666666667, 129.69696969697, 129.727272727273, 129.757575757576, 
    129.787878787879, 129.818181818182, 129.848484848485, 129.878787878788, 
    129.909090909091, 129.939393939394, 129.969696969697, 130, 
    130.030303030303, 130.060606060606, 130.090909090909, 130.121212121212, 
    130.151515151516, 130.181818181819, 130.212121212122, 130.242424242425, 
    130.272727272728, 130.303030303031, 130.333333333334, 130.363636363637, 
    130.39393939394, 130.424242424243, 130.454545454546, 130.484848484849, 
    130.515151515152, 130.545454545455, 130.575757575758, 130.606060606061, 
    130.636363636364, 130.666666666667, 130.69696969697, 130.727272727273, 
    130.757575757576, 130.787878787879, 130.818181818182, 130.848484848485, 
    130.878787878788, 130.909090909091, 130.939393939394, 130.969696969697, 
    131, 131.030303030303, 131.060606060606, 131.090909090909, 
    131.121212121213, 131.151515151516, 131.181818181819, 131.212121212122, 
    131.242424242425, 131.272727272728, 131.303030303031, 131.333333333334, 
    131.363636363637, 131.39393939394, 131.424242424243, 131.454545454546, 
    131.484848484849, 131.515151515152, 131.545454545455, 131.575757575758, 
    131.606060606061, 131.636363636364, 131.666666666667, 131.69696969697, 
    131.727272727273, 131.757575757576, 131.787878787879, 131.818181818182, 
    131.848484848485, 131.878787878788, 131.909090909091, 131.939393939394, 
    131.969696969697, 132, 132.030303030303, 132.060606060606, 
    132.09090909091, 132.121212121213, 132.151515151516, 132.181818181819, 
    132.212121212122, 132.242424242425, 132.272727272728, 132.303030303031, 
    132.333333333334, 132.363636363637, 132.39393939394, 132.424242424243, 
    132.454545454546, 132.484848484849, 132.515151515152, 132.545454545455, 
    132.575757575758, 132.606060606061, 132.636363636364, 132.666666666667, 
    132.69696969697, 132.727272727273, 132.757575757576, 132.787878787879, 
    132.818181818182, 132.848484848485, 132.878787878788, 132.909090909091, 
    132.939393939394, 132.969696969697, 133, 133.030303030303, 
    133.060606060607, 133.09090909091, 133.121212121213, 133.151515151516, 
    133.181818181819, 133.212121212122, 133.242424242425, 133.272727272728, 
    133.303030303031, 133.333333333334, 133.363636363637, 133.39393939394, 
    133.424242424243, 133.454545454546, 133.484848484849, 133.515151515152, 
    133.545454545455, 133.575757575758, 133.606060606061, 133.636363636364, 
    133.666666666667, 133.69696969697, 133.727272727273, 133.757575757576, 
    133.787878787879, 133.818181818182, 133.848484848485, 133.878787878788, 
    133.909090909091, 133.939393939394, 133.969696969697, 134, 
    134.030303030304, 134.060606060607, 134.09090909091, 134.121212121213, 
    134.151515151516, 134.181818181819, 134.212121212122, 134.242424242425, 
    134.272727272728, 134.303030303031, 134.333333333334, 134.363636363637, 
    134.39393939394, 134.424242424243, 134.454545454546, 134.484848484849, 
    134.515151515152, 134.545454545455, 134.575757575758, 134.606060606061, 
    134.636363636364, 134.666666666667, 134.69696969697, 134.727272727273, 
    134.757575757576, 134.787878787879, 134.818181818182, 134.848484848485, 
    134.878787878788, 134.909090909091, 134.939393939394, 134.969696969697, 
    135.000000000001, 135.030303030304, 135.060606060607, 135.09090909091, 
    135.121212121213, 135.151515151516, 135.181818181819, 135.212121212122, 
    135.242424242425, 135.272727272728, 135.303030303031, 135.333333333334, 
    135.363636363637, 135.39393939394, 135.424242424243, 135.454545454546, 
    135.484848484849, 135.515151515152, 135.545454545455, 135.575757575758, 
    135.606060606061, 135.636363636364, 135.666666666667, 135.69696969697, 
    135.727272727273, 135.757575757576, 135.787878787879, 135.818181818182, 
    135.848484848485, 135.878787878788, 135.909090909091, 135.939393939394, 
    135.969696969698, 136.000000000001, 136.030303030304, 136.060606060607, 
    136.09090909091, 136.121212121213, 136.151515151516, 136.181818181819, 
    136.212121212122, 136.242424242425, 136.272727272728, 136.303030303031, 
    136.333333333334, 136.363636363637, 136.39393939394, 136.424242424243, 
    136.454545454546, 136.484848484849, 136.515151515152, 136.545454545455, 
    136.575757575758, 136.606060606061, 136.636363636364, 136.666666666667, 
    136.69696969697, 136.727272727273, 136.757575757576, 136.787878787879, 
    136.818181818182, 136.848484848485, 136.878787878788, 136.909090909091, 
    136.939393939395, 136.969696969698, 137.000000000001, 137.030303030304, 
    137.060606060607, 137.09090909091, 137.121212121213, 137.151515151516, 
    137.181818181819, 137.212121212122, 137.242424242425, 137.272727272728, 
    137.303030303031, 137.333333333334, 137.363636363637, 137.39393939394, 
    137.424242424243, 137.454545454546, 137.484848484849, 137.515151515152, 
    137.545454545455, 137.575757575758, 137.606060606061, 137.636363636364, 
    137.666666666667, 137.69696969697, 137.727272727273, 137.757575757576, 
    137.787878787879, 137.818181818182, 137.848484848485, 137.878787878788, 
    137.909090909092, 137.939393939395, 137.969696969698, 138.000000000001, 
    138.030303030304, 138.060606060607, 138.09090909091, 138.121212121213, 
    138.151515151516, 138.181818181819, 138.212121212122, 138.242424242425, 
    138.272727272728, 138.303030303031, 138.333333333334, 138.363636363637, 
    138.39393939394, 138.424242424243, 138.454545454546, 138.484848484849, 
    138.515151515152, 138.545454545455, 138.575757575758, 138.606060606061, 
    138.636363636364, 138.666666666667, 138.69696969697, 138.727272727273, 
    138.757575757576, 138.787878787879, 138.818181818182, 138.848484848485, 
    138.878787878789, 138.909090909092, 138.939393939395, 138.969696969698, 
    139.000000000001, 139.030303030304, 139.060606060607, 139.09090909091, 
    139.121212121213, 139.151515151516, 139.181818181819, 139.212121212122, 
    139.242424242425, 139.272727272728, 139.303030303031, 139.333333333334, 
    139.363636363637, 139.39393939394, 139.424242424243, 139.454545454546, 
    139.484848484849, 139.515151515152, 139.545454545455, 139.575757575758, 
    139.606060606061, 139.636363636364, 139.666666666667, 139.69696969697, 
    139.727272727273, 139.757575757576, 139.787878787879, 139.818181818182, 
    139.848484848485, 139.878787878789, 139.909090909092, 139.939393939395, 
    139.969696969698, 140.000000000001, 140.030303030304, 140.060606060607, 
    140.09090909091, 140.121212121213, 140.151515151516, 140.181818181819, 
    140.212121212122, 140.242424242425, 140.272727272728, 140.303030303031, 
    140.333333333334, 140.363636363637, 140.39393939394, 140.424242424243, 
    140.454545454546, 140.484848484849, 140.515151515152, 140.545454545455, 
    140.575757575758, 140.606060606061, 140.636363636364, 140.666666666667, 
    140.69696969697, 140.727272727273, 140.757575757576, 140.787878787879, 
    140.818181818182, 140.848484848486, 140.878787878789, 140.909090909092, 
    140.939393939395, 140.969696969698, 141.000000000001, 141.030303030304, 
    141.060606060607, 141.09090909091, 141.121212121213, 141.151515151516, 
    141.181818181819, 141.212121212122, 141.242424242425, 141.272727272728, 
    141.303030303031, 141.333333333334, 141.363636363637, 141.39393939394, 
    141.424242424243, 141.454545454546, 141.484848484849, 141.515151515152, 
    141.545454545455, 141.575757575758, 141.606060606061, 141.636363636364, 
    141.666666666667, 141.69696969697, 141.727272727273, 141.757575757576, 
    141.787878787879, 141.818181818183, 141.848484848486, 141.878787878789, 
    141.909090909092, 141.939393939395, 141.969696969698, 142.000000000001, 
    142.030303030304, 142.060606060607, 142.09090909091, 142.121212121213, 
    142.151515151516, 142.181818181819, 142.212121212122, 142.242424242425, 
    142.272727272728, 142.303030303031, 142.333333333334, 142.363636363637, 
    142.39393939394, 142.424242424243, 142.454545454546, 142.484848484849, 
    142.515151515152, 142.545454545455, 142.575757575758, 142.606060606061, 
    142.636363636364, 142.666666666667, 142.69696969697, 142.727272727273, 
    142.757575757576, 142.78787878788, 142.818181818183, 142.848484848486, 
    142.878787878789, 142.909090909092, 142.939393939395, 142.969696969698, 
    143.000000000001, 143.030303030304, 143.060606060607, 143.09090909091, 
    143.121212121213, 143.151515151516, 143.181818181819, 143.212121212122, 
    143.242424242425, 143.272727272728, 143.303030303031, 143.333333333334, 
    143.363636363637, 143.39393939394, 143.424242424243, 143.454545454546, 
    143.484848484849, 143.515151515152, 143.545454545455, 143.575757575758, 
    143.606060606061, 143.636363636364, 143.666666666667, 143.69696969697, 
    143.727272727273, 143.757575757577, 143.78787878788, 143.818181818183, 
    143.848484848486, 143.878787878789, 143.909090909092, 143.939393939395, 
    143.969696969698, 144.000000000001, 144.030303030304, 144.060606060607, 
    144.09090909091, 144.121212121213, 144.151515151516, 144.181818181819, 
    144.212121212122, 144.242424242425, 144.272727272728, 144.303030303031, 
    144.333333333334, 144.363636363637, 144.39393939394, 144.424242424243, 
    144.454545454546, 144.484848484849, 144.515151515152, 144.545454545455, 
    144.575757575758, 144.606060606061, 144.636363636364, 144.666666666667, 
    144.69696969697, 144.727272727274, 144.757575757577, 144.78787878788, 
    144.818181818183, 144.848484848486, 144.878787878789, 144.909090909092, 
    144.939393939395, 144.969696969698, 145.000000000001, 145.030303030304, 
    145.060606060607, 145.09090909091, 145.121212121213, 145.151515151516, 
    145.181818181819, 145.212121212122, 145.242424242425, 145.272727272728, 
    145.303030303031, 145.333333333334, 145.363636363637, 145.39393939394, 
    145.424242424243, 145.454545454546, 145.484848484849, 145.515151515152, 
    145.545454545455, 145.575757575758, 145.606060606061, 145.636363636364, 
    145.666666666667, 145.696969696971, 145.727272727274, 145.757575757577, 
    145.78787878788, 145.818181818183, 145.848484848486, 145.878787878789, 
    145.909090909092, 145.939393939395, 145.969696969698, 146.000000000001, 
    146.030303030304, 146.060606060607, 146.09090909091, 146.121212121213, 
    146.151515151516, 146.181818181819, 146.212121212122, 146.242424242425, 
    146.272727272728, 146.303030303031, 146.333333333334, 146.363636363637, 
    146.39393939394, 146.424242424243, 146.454545454546, 146.484848484849, 
    146.515151515152, 146.545454545455, 146.575757575758, 146.606060606061, 
    146.636363636364, 146.666666666668, 146.696969696971, 146.727272727274, 
    146.757575757577, 146.78787878788, 146.818181818183, 146.848484848486, 
    146.878787878789, 146.909090909092, 146.939393939395, 146.969696969698, 
    147.000000000001, 147.030303030304, 147.060606060607, 147.09090909091, 
    147.121212121213, 147.151515151516, 147.181818181819, 147.212121212122, 
    147.242424242425, 147.272727272728, 147.303030303031, 147.333333333334, 
    147.363636363637, 147.39393939394, 147.424242424243, 147.454545454546, 
    147.484848484849, 147.515151515152, 147.545454545455, 147.575757575758, 
    147.606060606061, 147.636363636365, 147.666666666668, 147.696969696971, 
    147.727272727274, 147.757575757577, 147.78787878788, 147.818181818183, 
    147.848484848486, 147.878787878789, 147.909090909092, 147.939393939395, 
    147.969696969698, 148.000000000001, 148.030303030304, 148.060606060607, 
    148.09090909091, 148.121212121213, 148.151515151516, 148.181818181819, 
    148.212121212122, 148.242424242425, 148.272727272728, 148.303030303031, 
    148.333333333334, 148.363636363637, 148.39393939394, 148.424242424243, 
    148.454545454546, 148.484848484849, 148.515151515152, 148.545454545455, 
    148.575757575758, 148.606060606062, 148.636363636365, 148.666666666668, 
    148.696969696971, 148.727272727274, 148.757575757577, 148.78787878788, 
    148.818181818183, 148.848484848486, 148.878787878789, 148.909090909092, 
    148.939393939395, 148.969696969698, 149.000000000001, 149.030303030304, 
    149.060606060607, 149.09090909091, 149.121212121213, 149.151515151516, 
    149.181818181819, 149.212121212122, 149.242424242425, 149.272727272728, 
    149.303030303031, 149.333333333334, 149.363636363637, 149.39393939394, 
    149.424242424243, 149.454545454546, 149.484848484849, 149.515151515152, 
    149.545454545455, 149.575757575759, 149.606060606062, 149.636363636365, 
    149.666666666668, 149.696969696971, 149.727272727274, 149.757575757577, 
    149.78787878788, 149.818181818183, 149.848484848486, 149.878787878789, 
    149.909090909092, 149.939393939395, 149.969696969698, 150.000000000001, 
    150.030303030304, 150.060606060607, 150.09090909091, 150.121212121213, 
    150.151515151516, 150.181818181819, 150.212121212122, 150.242424242425, 
    150.272727272728, 150.303030303031, 150.333333333334, 150.363636363637, 
    150.39393939394, 150.424242424243, 150.454545454546, 150.484848484849, 
    150.515151515152, 150.545454545455, 150.575757575759, 150.606060606062, 
    150.636363636365, 150.666666666668, 150.696969696971, 150.727272727274, 
    150.757575757577, 150.78787878788, 150.818181818183, 150.848484848486, 
    150.878787878789, 150.909090909092, 150.939393939395, 150.969696969698, 
    151.000000000001, 151.030303030304, 151.060606060607, 151.09090909091, 
    151.121212121213, 151.151515151516, 151.181818181819, 151.212121212122, 
    151.242424242425, 151.272727272728, 151.303030303031, 151.333333333334, 
    151.363636363637, 151.39393939394, 151.424242424243, 151.454545454546, 
    151.484848484849, 151.515151515152, 151.545454545456, 151.575757575759, 
    151.606060606062, 151.636363636365, 151.666666666668, 151.696969696971, 
    151.727272727274, 151.757575757577, 151.78787878788, 151.818181818183, 
    151.848484848486, 151.878787878789, 151.909090909092, 151.939393939395, 
    151.969696969698, 152.000000000001, 152.030303030304, 152.060606060607, 
    152.09090909091, 152.121212121213, 152.151515151516, 152.181818181819, 
    152.212121212122, 152.242424242425, 152.272727272728, 152.303030303031, 
    152.333333333334, 152.363636363637, 152.39393939394, 152.424242424243, 
    152.454545454546, 152.484848484849, 152.515151515153, 152.545454545456, 
    152.575757575759, 152.606060606062, 152.636363636365, 152.666666666668, 
    152.696969696971, 152.727272727274, 152.757575757577, 152.78787878788, 
    152.818181818183, 152.848484848486, 152.878787878789, 152.909090909092, 
    152.939393939395, 152.969696969698, 153.000000000001, 153.030303030304, 
    153.060606060607, 153.09090909091, 153.121212121213, 153.151515151516, 
    153.181818181819, 153.212121212122, 153.242424242425, 153.272727272728, 
    153.303030303031, 153.333333333334, 153.363636363637, 153.39393939394, 
    153.424242424243, 153.454545454546, 153.48484848485, 153.515151515153, 
    153.545454545456, 153.575757575759, 153.606060606062, 153.636363636365, 
    153.666666666668, 153.696969696971, 153.727272727274, 153.757575757577, 
    153.78787878788, 153.818181818183, 153.848484848486, 153.878787878789, 
    153.909090909092, 153.939393939395, 153.969696969698, 154.000000000001, 
    154.030303030304, 154.060606060607, 154.09090909091, 154.121212121213, 
    154.151515151516, 154.181818181819, 154.212121212122, 154.242424242425, 
    154.272727272728, 154.303030303031, 154.333333333334, 154.363636363637, 
    154.39393939394, 154.424242424243, 154.454545454547, 154.48484848485, 
    154.515151515153, 154.545454545456, 154.575757575759, 154.606060606062, 
    154.636363636365, 154.666666666668, 154.696969696971, 154.727272727274, 
    154.757575757577, 154.78787878788, 154.818181818183, 154.848484848486, 
    154.878787878789, 154.909090909092, 154.939393939395, 154.969696969698, 
    155.000000000001, 155.030303030304, 155.060606060607, 155.09090909091, 
    155.121212121213, 155.151515151516, 155.181818181819, 155.212121212122, 
    155.242424242425, 155.272727272728, 155.303030303031, 155.333333333334, 
    155.363636363637, 155.39393939394, 155.424242424244, 155.454545454547, 
    155.48484848485, 155.515151515153, 155.545454545456, 155.575757575759, 
    155.606060606062, 155.636363636365, 155.666666666668, 155.696969696971, 
    155.727272727274, 155.757575757577, 155.78787878788, 155.818181818183, 
    155.848484848486, 155.878787878789, 155.909090909092, 155.939393939395, 
    155.969696969698, 156.000000000001, 156.030303030304, 156.060606060607, 
    156.09090909091, 156.121212121213, 156.151515151516, 156.181818181819, 
    156.212121212122, 156.242424242425, 156.272727272728, 156.303030303031, 
    156.333333333334, 156.363636363637, 156.393939393941, 156.424242424244, 
    156.454545454547, 156.48484848485, 156.515151515153, 156.545454545456, 
    156.575757575759, 156.606060606062, 156.636363636365, 156.666666666668, 
    156.696969696971, 156.727272727274, 156.757575757577, 156.78787878788, 
    156.818181818183, 156.848484848486, 156.878787878789, 156.909090909092, 
    156.939393939395, 156.969696969698, 157.000000000001, 157.030303030304, 
    157.060606060607, 157.09090909091, 157.121212121213, 157.151515151516, 
    157.181818181819, 157.212121212122, 157.242424242425, 157.272727272728, 
    157.303030303031, 157.333333333334, 157.363636363638, 157.393939393941, 
    157.424242424244, 157.454545454547, 157.48484848485, 157.515151515153, 
    157.545454545456, 157.575757575759, 157.606060606062, 157.636363636365, 
    157.666666666668, 157.696969696971, 157.727272727274, 157.757575757577, 
    157.78787878788, 157.818181818183, 157.848484848486, 157.878787878789, 
    157.909090909092, 157.939393939395, 157.969696969698, 158.000000000001, 
    158.030303030304, 158.060606060607, 158.09090909091, 158.121212121213, 
    158.151515151516, 158.181818181819, 158.212121212122, 158.242424242425, 
    158.272727272728, 158.303030303031, 158.333333333335, 158.363636363638, 
    158.393939393941, 158.424242424244, 158.454545454547, 158.48484848485, 
    158.515151515153, 158.545454545456, 158.575757575759, 158.606060606062, 
    158.636363636365, 158.666666666668, 158.696969696971, 158.727272727274, 
    158.757575757577, 158.78787878788, 158.818181818183, 158.848484848486, 
    158.878787878789, 158.909090909092, 158.939393939395, 158.969696969698, 
    159.000000000001, 159.030303030304, 159.060606060607, 159.09090909091, 
    159.121212121213, 159.151515151516, 159.181818181819, 159.212121212122, 
    159.242424242425, 159.272727272728, 159.303030303032, 159.333333333335, 
    159.363636363638, 159.393939393941, 159.424242424244, 159.454545454547, 
    159.48484848485, 159.515151515153, 159.545454545456, 159.575757575759, 
    159.606060606062, 159.636363636365, 159.666666666668, 159.696969696971, 
    159.727272727274, 159.757575757577, 159.78787878788, 159.818181818183, 
    159.848484848486, 159.878787878789, 159.909090909092, 159.939393939395, 
    159.969696969698, 160.000000000001, 160.030303030304 ;
}
