netcdf nc_v {
dimensions:
	lon = 1423 ;
	lat = 1604 ;
	depth = 60 ;
	time = UNLIMITED ; // (1 currently)
variables:
	double lon(lon) ;
		lon:axis = "X" ;
		lon:units = "degrees_east" ;
	double lat(lat) ;
		lat:axis = "Y" ;
		lat:units = "degrees_north" ;
	double depth(depth) ;
		depth:axis = "Z" ;
		depth:units = "m" ;
	double time(time) ;
		time:units = "days since 2010-07-01 00:00:00" ;
		time:axis = "T" ;
	float vo(time, depth, lat, lon) ;
		vo:missing_value = -9.99e+33f ;
		vo:_FillValue = -9.99e+33f ;
data:

 lat = 19.97, 19.99, 20.01, 20.03, 20.05, 20.07, 20.09, 20.11, 20.13, 20.15, 
    20.17, 20.19, 20.21, 20.23, 20.25, 20.27, 20.29, 20.31, 20.33, 20.35, 
    20.37, 20.39, 20.41, 20.43, 20.45, 20.47, 20.49, 20.51, 20.53, 20.55, 
    20.57, 20.59, 20.61, 20.63, 20.65, 20.67, 20.69, 20.71, 20.73, 20.75, 
    20.77, 20.79, 20.81, 20.83, 20.85, 20.87, 20.89, 20.91, 20.93, 20.95, 
    20.97, 20.99, 21.01, 21.03, 21.05, 21.07, 21.09, 21.11, 21.13, 21.15, 
    21.17, 21.19, 21.21, 21.23, 21.25, 21.27, 21.29, 21.31, 21.33, 21.35, 
    21.37, 21.39, 21.41, 21.43, 21.45, 21.47, 21.49, 21.51, 21.53, 21.55, 
    21.57, 21.59, 21.61, 21.63, 21.65, 21.67, 21.69, 21.71, 21.73, 21.75, 
    21.77, 21.79, 21.81, 21.83, 21.85, 21.87, 21.89, 21.91, 21.93, 21.95, 
    21.97, 21.99, 22.01, 22.03, 22.05, 22.07, 22.09, 22.11, 22.13, 22.15, 
    22.17, 22.19, 22.21, 22.23, 22.25, 22.27, 22.29, 22.31, 22.33, 22.35, 
    22.37, 22.39, 22.41, 22.4299999999999, 22.4499999999999, 
    22.4699999999999, 22.4899999999999, 22.5099999999999, 22.5299999999999, 
    22.5499999999999, 22.5699999999999, 22.5899999999999, 22.6099999999999, 
    22.6299999999999, 22.6499999999999, 22.6699999999999, 22.6899999999999, 
    22.7099999999999, 22.7299999999999, 22.7499999999999, 22.7699999999999, 
    22.7899999999999, 22.8099999999999, 22.8299999999999, 22.8499999999999, 
    22.8699999999999, 22.8899999999999, 22.9099999999999, 22.9299999999999, 
    22.9499999999999, 22.9699999999999, 22.9899999999999, 23.0099999999999, 
    23.0299999999999, 23.0499999999999, 23.0699999999999, 23.0899999999999, 
    23.1099999999999, 23.1299999999999, 23.1499999999999, 23.1699999999999, 
    23.1899999999999, 23.2099999999999, 23.2299999999999, 23.2499999999999, 
    23.2699999999999, 23.2899999999999, 23.3099999999999, 23.3299999999999, 
    23.3499999999999, 23.3699999999999, 23.3899999999999, 23.4099999999999, 
    23.4299999999999, 23.4499999999999, 23.4699999999999, 23.4899999999999, 
    23.5099999999999, 23.5299999999999, 23.5499999999999, 23.5699999999999, 
    23.5899999999999, 23.6099999999999, 23.6299999999999, 23.6499999999999, 
    23.6699999999999, 23.6899999999999, 23.7099999999999, 23.7299999999999, 
    23.7499999999999, 23.7699999999999, 23.7899999999999, 23.8099999999999, 
    23.8299999999999, 23.8499999999999, 23.8699999999999, 23.8899999999999, 
    23.9099999999999, 23.9299999999999, 23.9499999999999, 23.9699999999999, 
    23.9899999999999, 24.0099999999999, 24.0299999999999, 24.0499999999999, 
    24.0699999999999, 24.0899999999999, 24.1099999999999, 24.1299999999999, 
    24.1499999999999, 24.1699999999999, 24.1899999999999, 24.2099999999999, 
    24.2299999999999, 24.2499999999999, 24.2699999999999, 24.2899999999999, 
    24.3099999999999, 24.3299999999999, 24.3499999999999, 24.3699999999999, 
    24.3899999999999, 24.4099999999999, 24.4299999999999, 24.4499999999999, 
    24.4699999999999, 24.4899999999999, 24.5099999999999, 24.5299999999999, 
    24.5499999999999, 24.5699999999999, 24.5899999999999, 24.6099999999999, 
    24.6299999999999, 24.6499999999999, 24.6699999999999, 24.6899999999999, 
    24.7099999999999, 24.7299999999999, 24.7499999999999, 24.7699999999999, 
    24.7899999999999, 24.8099999999999, 24.8299999999999, 24.8499999999999, 
    24.8699999999999, 24.8899999999999, 24.9099999999999, 24.9299999999999, 
    24.9499999999999, 24.9699999999999, 24.9899999999999, 25.0099999999999, 
    25.0299999999999, 25.0499999999999, 25.0699999999999, 25.0899999999999, 
    25.1099999999999, 25.1299999999999, 25.1499999999999, 25.1699999999999, 
    25.1899999999999, 25.2099999999999, 25.2299999999999, 25.2499999999999, 
    25.2699999999999, 25.2899999999999, 25.3099999999999, 25.3299999999999, 
    25.3499999999999, 25.3699999999999, 25.3899999999999, 25.4099999999999, 
    25.4299999999999, 25.4499999999999, 25.4699999999999, 25.4899999999999, 
    25.5099999999999, 25.5299999999999, 25.5499999999999, 25.5699999999999, 
    25.5899999999999, 25.6099999999999, 25.6299999999999, 25.6499999999999, 
    25.6699999999999, 25.6899999999999, 25.7099999999999, 25.7299999999999, 
    25.7499999999999, 25.7699999999999, 25.7899999999999, 25.8099999999999, 
    25.8299999999999, 25.8499999999999, 25.8699999999999, 25.8899999999999, 
    25.9099999999999, 25.9299999999999, 25.9499999999999, 25.9699999999999, 
    25.9899999999999, 26.0099999999999, 26.0299999999999, 26.0499999999999, 
    26.0699999999999, 26.0899999999999, 26.1099999999999, 26.1299999999999, 
    26.1499999999999, 26.1699999999999, 26.1899999999999, 26.2099999999999, 
    26.2299999999999, 26.2499999999999, 26.2699999999999, 26.2899999999999, 
    26.3099999999999, 26.3299999999999, 26.3499999999999, 26.3699999999999, 
    26.3899999999999, 26.4099999999999, 26.4299999999999, 26.4499999999999, 
    26.4699999999999, 26.4899999999999, 26.5099999999999, 26.5299999999999, 
    26.5499999999999, 26.5699999999999, 26.5899999999999, 26.6099999999999, 
    26.6299999999999, 26.6499999999999, 26.6699999999999, 26.6899999999999, 
    26.7099999999999, 26.7299999999999, 26.7499999999999, 26.7699999999999, 
    26.7899999999999, 26.8099999999999, 26.8299999999999, 26.8499999999999, 
    26.8699999999999, 26.8899999999999, 26.9099999999999, 26.9299999999999, 
    26.9499999999999, 26.9699999999999, 26.9899999999999, 27.0099999999999, 
    27.0299999999999, 27.0499999999999, 27.0699999999999, 27.0899999999999, 
    27.1099999999999, 27.1299999999998, 27.1499999999998, 27.1699999999998, 
    27.1899999999998, 27.2099999999998, 27.2299999999998, 27.2499999999998, 
    27.2699999999998, 27.2899999999998, 27.3099999999998, 27.3299999999998, 
    27.3499999999998, 27.3699999999998, 27.3899999999998, 27.4099999999998, 
    27.4299999999998, 27.4499999999998, 27.4699999999998, 27.4899999999998, 
    27.5099999999998, 27.5299999999998, 27.5499999999998, 27.5699999999998, 
    27.5899999999998, 27.6099999999998, 27.6299999999998, 27.6499999999998, 
    27.6699999999998, 27.6899999999998, 27.7099999999998, 27.7299999999998, 
    27.7499999999998, 27.7699999999998, 27.7899999999998, 27.8099999999998, 
    27.8299999999998, 27.8499999999998, 27.8699999999998, 27.8899999999998, 
    27.9099999999998, 27.9299999999998, 27.9499999999998, 27.9699999999998, 
    27.9899999999998, 28.0099999999998, 28.0299999999998, 28.0499999999998, 
    28.0699999999998, 28.0899999999998, 28.1099999999998, 28.1299999999998, 
    28.1499999999998, 28.1699999999998, 28.1899999999998, 28.2099999999998, 
    28.2299999999998, 28.2499999999998, 28.2699999999998, 28.2899999999998, 
    28.3099999999998, 28.3299999999998, 28.3499999999998, 28.3699999999998, 
    28.3899999999998, 28.4099999999998, 28.4299999999998, 28.4499999999998, 
    28.4699999999998, 28.4899999999998, 28.5099999999998, 28.5299999999998, 
    28.5499999999998, 28.5699999999998, 28.5899999999998, 28.6099999999998, 
    28.6299999999998, 28.6499999999998, 28.6699999999998, 28.6899999999998, 
    28.7099999999998, 28.7299999999998, 28.7499999999998, 28.7699999999998, 
    28.7899999999998, 28.8099999999998, 28.8299999999998, 28.8499999999998, 
    28.8699999999998, 28.8899999999998, 28.9099999999998, 28.9299999999998, 
    28.9499999999998, 28.9699999999998, 28.9899999999998, 29.0099999999998, 
    29.0299999999998, 29.0499999999998, 29.0699999999998, 29.0899999999998, 
    29.1099999999998, 29.1299999999998, 29.1499999999998, 29.1699999999998, 
    29.1899999999998, 29.2099999999998, 29.2299999999998, 29.2499999999998, 
    29.2699999999998, 29.2899999999998, 29.3099999999998, 29.3299999999998, 
    29.3499999999998, 29.3699999999998, 29.3899999999998, 29.4099999999998, 
    29.4299999999998, 29.4499999999998, 29.4699999999998, 29.4899999999998, 
    29.5099999999998, 29.5299999999998, 29.5499999999998, 29.5699999999998, 
    29.5899999999998, 29.6099999999998, 29.6299999999998, 29.6499999999998, 
    29.6699999999998, 29.6899999999998, 29.7099999999998, 29.7299999999998, 
    29.7499999999998, 29.7699999999998, 29.7899999999998, 29.8099999999998, 
    29.8299999999998, 29.8499999999998, 29.8699999999998, 29.8899999999998, 
    29.9099999999998, 29.9299999999998, 29.9499999999998, 29.9699999999998, 
    29.9899999999998, 30.0099999999998, 30.0299999999998, 30.0499999999998, 
    30.0699999999998, 30.0899999999998, 30.1099999999998, 30.1299999999998, 
    30.1499999999998, 30.1699999999998, 30.1899999999998, 30.2099999999998, 
    30.2299999999998, 30.2499999999998, 30.2699999999998, 30.2899999999998, 
    30.3099999999998, 30.3299999999998, 30.3499999999998, 30.3699999999998, 
    30.3899999999998, 30.4099999999998, 30.4299999999998, 30.4499999999998, 
    30.4699999999998, 30.4899999999998, 30.5099999999998, 30.5299999999998, 
    30.5499999999998, 30.5699999999998, 30.5899999999998, 30.6099999999998, 
    30.6299999999998, 30.6499999999998, 30.6699999999998, 30.6899999999998, 
    30.7099999999998, 30.7299999999998, 30.7499999999998, 30.7699999999998, 
    30.7899999999998, 30.8099999999998, 30.8299999999998, 30.8499999999998, 
    30.8699999999998, 30.8899999999998, 30.9099999999998, 30.9299999999998, 
    30.9499999999998, 30.9699999999998, 30.9899999999998, 31.0099999999998, 
    31.0299999999998, 31.0499999999998, 31.0699999999998, 31.0899999999998, 
    31.1099999999998, 31.1299999999998, 31.1499999999998, 31.1699999999998, 
    31.1899999999998, 31.2099999999998, 31.2299999999998, 31.2499999999998, 
    31.2699999999998, 31.2899999999998, 31.3099999999998, 31.3299999999998, 
    31.3499999999998, 31.3699999999998, 31.3899999999998, 31.4099999999998, 
    31.4299999999998, 31.4499999999998, 31.4699999999998, 31.4899999999998, 
    31.5099999999998, 31.5299999999998, 31.5499999999998, 31.5699999999998, 
    31.5899999999998, 31.6099999999998, 31.6299999999998, 31.6499999999998, 
    31.6699999999998, 31.6899999999998, 31.7099999999998, 31.7299999999998, 
    31.7499999999998, 31.7699999999998, 31.7899999999998, 31.8099999999998, 
    31.8299999999997, 31.8499999999997, 31.8699999999997, 31.8899999999997, 
    31.9099999999997, 31.9299999999997, 31.9499999999997, 31.9699999999997, 
    31.9899999999997, 32.0099999999997, 32.0299999999998, 32.0499999999998, 
    32.0699999999998, 32.0899999999998, 32.1099999999998, 32.1299999999998, 
    32.1499999999998, 32.1699999999998, 32.1899999999998, 32.2099999999998, 
    32.2299999999998, 32.2499999999998, 32.2699999999998, 32.2899999999998, 
    32.3099999999998, 32.3299999999998, 32.3499999999998, 32.3699999999998, 
    32.3899999999998, 32.4099999999998, 32.4299999999998, 32.4499999999998, 
    32.4699999999998, 32.4899999999998, 32.5099999999998, 32.5299999999998, 
    32.5499999999998, 32.5699999999998, 32.5899999999998, 32.6099999999998, 
    32.6299999999998, 32.6499999999998, 32.6699999999999, 32.6899999999999, 
    32.7099999999999, 32.7299999999999, 32.7499999999999, 32.7699999999999, 
    32.7899999999999, 32.8099999999999, 32.8299999999999, 32.8499999999999, 
    32.8699999999999, 32.8899999999999, 32.9099999999999, 32.9299999999999, 
    32.9499999999999, 32.9699999999999, 32.9899999999999, 33.0099999999999, 
    33.0299999999999, 33.0499999999999, 33.0699999999999, 33.0899999999999, 
    33.1099999999999, 33.1299999999999, 33.1499999999999, 33.1699999999999, 
    33.1899999999999, 33.2099999999999, 33.2299999999999, 33.2499999999999, 
    33.2699999999999, 33.2899999999999, 33.31, 33.33, 33.35, 33.37, 33.39, 
    33.41, 33.43, 33.45, 33.47, 33.49, 33.51, 33.53, 33.55, 33.57, 33.59, 
    33.61, 33.63, 33.65, 33.67, 33.69, 33.71, 33.73, 33.75, 33.77, 33.79, 
    33.81, 33.83, 33.85, 33.87, 33.89, 33.91, 33.93, 33.9500000000001, 
    33.9700000000001, 33.9900000000001, 34.0100000000001, 34.0300000000001, 
    34.0500000000001, 34.0700000000001, 34.0900000000001, 34.1100000000001, 
    34.1300000000001, 34.1500000000001, 34.1700000000001, 34.1900000000001, 
    34.2100000000001, 34.2300000000001, 34.2500000000001, 34.2700000000001, 
    34.2900000000001, 34.3100000000001, 34.3300000000001, 34.3500000000001, 
    34.3700000000001, 34.3900000000001, 34.4100000000001, 34.4300000000001, 
    34.4500000000001, 34.4700000000001, 34.4900000000001, 34.5100000000001, 
    34.5300000000001, 34.5500000000001, 34.5700000000001, 34.5900000000002, 
    34.6100000000002, 34.6300000000002, 34.6500000000002, 34.6700000000002, 
    34.6900000000002, 34.7100000000002, 34.7300000000002, 34.7500000000002, 
    34.7700000000002, 34.7900000000002, 34.8100000000002, 34.8300000000002, 
    34.8500000000002, 34.8700000000002, 34.8900000000002, 34.9100000000002, 
    34.9300000000002, 34.9500000000002, 34.9700000000002, 34.9900000000002, 
    35.0100000000002, 35.0300000000002, 35.0500000000002, 35.0700000000002, 
    35.0900000000002, 35.1100000000002, 35.1300000000002, 35.1500000000002, 
    35.1700000000002, 35.1900000000002, 35.2100000000002, 35.2300000000003, 
    35.2500000000003, 35.2700000000003, 35.2900000000003, 35.3100000000003, 
    35.3300000000003, 35.3500000000003, 35.3700000000003, 35.3900000000003, 
    35.4100000000003, 35.4300000000003, 35.4500000000003, 35.4700000000003, 
    35.4900000000003, 35.5100000000003, 35.5300000000003, 35.5500000000003, 
    35.5700000000003, 35.5900000000003, 35.6100000000003, 35.6300000000003, 
    35.6500000000003, 35.6700000000003, 35.6900000000003, 35.7100000000003, 
    35.7300000000003, 35.7500000000003, 35.7700000000003, 35.7900000000003, 
    35.8100000000003, 35.8300000000003, 35.8500000000003, 35.8700000000004, 
    35.8900000000004, 35.9100000000004, 35.9300000000004, 35.9500000000004, 
    35.9700000000004, 35.9900000000004, 36.0100000000004, 36.0300000000004, 
    36.0500000000004, 36.0700000000004, 36.0900000000004, 36.1100000000004, 
    36.1300000000004, 36.1500000000004, 36.1700000000004, 36.1900000000004, 
    36.2100000000004, 36.2300000000004, 36.2500000000004, 36.2700000000004, 
    36.2900000000004, 36.3100000000004, 36.3300000000004, 36.3500000000004, 
    36.3700000000004, 36.3900000000004, 36.4100000000004, 36.4300000000004, 
    36.4500000000004, 36.4700000000004, 36.4900000000004, 36.5100000000005, 
    36.5300000000005, 36.5500000000005, 36.5700000000005, 36.5900000000005, 
    36.6100000000005, 36.6300000000005, 36.6500000000005, 36.6700000000005, 
    36.6900000000005, 36.7100000000005, 36.7300000000005, 36.7500000000005, 
    36.7700000000005, 36.7900000000005, 36.8100000000005, 36.8300000000005, 
    36.8500000000005, 36.8700000000005, 36.8900000000005, 36.9100000000005, 
    36.9300000000005, 36.9500000000005, 36.9700000000005, 36.9900000000005, 
    37.0100000000005, 37.0300000000005, 37.0500000000005, 37.0700000000005, 
    37.0900000000005, 37.1100000000005, 37.1300000000005, 37.1500000000006, 
    37.1700000000006, 37.1900000000006, 37.2100000000006, 37.2300000000006, 
    37.2500000000006, 37.2700000000006, 37.2900000000006, 37.3100000000006, 
    37.3300000000006, 37.3500000000006, 37.3700000000006, 37.3900000000006, 
    37.4100000000006, 37.4300000000006, 37.4500000000006, 37.4700000000006, 
    37.4900000000006, 37.5100000000006, 37.5300000000006, 37.5500000000006, 
    37.5700000000006, 37.5900000000006, 37.6100000000006, 37.6300000000006, 
    37.6500000000006, 37.6700000000006, 37.6900000000006, 37.7100000000006, 
    37.7300000000006, 37.7500000000006, 37.7700000000006, 37.7900000000007, 
    37.8100000000007, 37.8300000000007, 37.8500000000007, 37.8700000000007, 
    37.8900000000007, 37.9100000000007, 37.9300000000007, 37.9500000000007, 
    37.9700000000007, 37.9900000000007, 38.0100000000007, 38.0300000000007, 
    38.0500000000007, 38.0700000000007, 38.0900000000007, 38.1100000000007, 
    38.1300000000007, 38.1500000000007, 38.1700000000007, 38.1900000000007, 
    38.2100000000007, 38.2300000000007, 38.2500000000007, 38.2700000000007, 
    38.2900000000007, 38.3100000000007, 38.3300000000007, 38.3500000000007, 
    38.3700000000007, 38.3900000000007, 38.4100000000007, 38.4300000000008, 
    38.4500000000008, 38.4700000000008, 38.4900000000008, 38.5100000000008, 
    38.5300000000008, 38.5500000000008, 38.5700000000008, 38.5900000000008, 
    38.6100000000008, 38.6300000000008, 38.6500000000008, 38.6700000000008, 
    38.6900000000008, 38.7100000000008, 38.7300000000008, 38.7500000000008, 
    38.7700000000008, 38.7900000000008, 38.8100000000008, 38.8300000000008, 
    38.8500000000008, 38.8700000000008, 38.8900000000008, 38.9100000000008, 
    38.9300000000008, 38.9500000000008, 38.9700000000008, 38.9900000000008, 
    39.0100000000008, 39.0300000000008, 39.0500000000008, 39.0700000000009, 
    39.0900000000009, 39.1100000000009, 39.1300000000009, 39.1500000000009, 
    39.1700000000009, 39.1900000000009, 39.2100000000009, 39.2300000000009, 
    39.2500000000009, 39.2700000000009, 39.2900000000009, 39.3100000000009, 
    39.3300000000009, 39.3500000000009, 39.3700000000009, 39.3900000000009, 
    39.4100000000009, 39.4300000000009, 39.4500000000009, 39.4700000000009, 
    39.4900000000009, 39.5100000000009, 39.5300000000009, 39.5500000000009, 
    39.5700000000009, 39.5900000000009, 39.6100000000009, 39.6300000000009, 
    39.6500000000009, 39.6700000000009, 39.6900000000009, 39.710000000001, 
    39.730000000001, 39.750000000001, 39.770000000001, 39.790000000001, 
    39.810000000001, 39.830000000001, 39.850000000001, 39.870000000001, 
    39.890000000001, 39.910000000001, 39.930000000001, 39.950000000001, 
    39.970000000001, 39.990000000001, 40.010000000001, 40.030000000001, 
    40.050000000001, 40.070000000001, 40.090000000001, 40.110000000001, 
    40.130000000001, 40.150000000001, 40.170000000001, 40.190000000001, 
    40.210000000001, 40.230000000001, 40.250000000001, 40.270000000001, 
    40.290000000001, 40.310000000001, 40.330000000001, 40.3500000000011, 
    40.3700000000011, 40.3900000000011, 40.4100000000011, 40.4300000000011, 
    40.4500000000011, 40.4700000000011, 40.4900000000011, 40.5100000000011, 
    40.5300000000011, 40.5500000000011, 40.5700000000011, 40.5900000000011, 
    40.6100000000011, 40.6300000000011, 40.6500000000011, 40.6700000000011, 
    40.6900000000011, 40.7100000000011, 40.7300000000011, 40.7500000000011, 
    40.7700000000011, 40.7900000000011, 40.8100000000011, 40.8300000000011, 
    40.8500000000011, 40.8700000000011, 40.8900000000011, 40.9100000000011, 
    40.9300000000011, 40.9500000000011, 40.9700000000011, 40.9900000000012, 
    41.0100000000012, 41.0300000000012, 41.0500000000012, 41.0700000000012, 
    41.0900000000012, 41.1100000000012, 41.1300000000012, 41.1500000000012, 
    41.1700000000012, 41.1900000000012, 41.2100000000012, 41.2300000000012, 
    41.2500000000012, 41.2700000000012, 41.2900000000012, 41.3100000000012, 
    41.3300000000012, 41.3500000000012, 41.3700000000012, 41.3900000000012, 
    41.4100000000012, 41.4300000000012, 41.4500000000012, 41.4700000000012, 
    41.4900000000012, 41.5100000000012, 41.5300000000012, 41.5500000000012, 
    41.5700000000012, 41.5900000000012, 41.6100000000012, 41.6300000000013, 
    41.6500000000013, 41.6700000000013, 41.6900000000013, 41.7100000000013, 
    41.7300000000013, 41.7500000000013, 41.7700000000013, 41.7900000000013, 
    41.8100000000013, 41.8300000000013, 41.8500000000013, 41.8700000000013, 
    41.8900000000013, 41.9100000000013, 41.9300000000013, 41.9500000000013, 
    41.9700000000013, 41.9900000000013, 42.0100000000013, 42.0300000000013, 
    42.0500000000013, 42.0700000000013, 42.0900000000013, 42.1100000000013, 
    42.1300000000013, 42.1500000000013, 42.1700000000013, 42.1900000000013, 
    42.2100000000013, 42.2300000000013, 42.2500000000014, 42.2700000000014, 
    42.2900000000014, 42.3100000000014, 42.3300000000014, 42.3500000000014, 
    42.3700000000014, 42.3900000000014, 42.4100000000014, 42.4300000000014, 
    42.4500000000014, 42.4700000000014, 42.4900000000014, 42.5100000000014, 
    42.5300000000014, 42.5500000000014, 42.5700000000014, 42.5900000000014, 
    42.6100000000014, 42.6300000000014, 42.6500000000014, 42.6700000000014, 
    42.6900000000014, 42.7100000000014, 42.7300000000014, 42.7500000000014, 
    42.7700000000014, 42.7900000000014, 42.8100000000014, 42.8300000000014, 
    42.8500000000014, 42.8700000000014, 42.8900000000015, 42.9100000000015, 
    42.9300000000015, 42.9500000000015, 42.9700000000015, 42.9900000000015, 
    43.0100000000015, 43.0300000000015, 43.0500000000015, 43.0700000000015, 
    43.0900000000015, 43.1100000000015, 43.1300000000015, 43.1500000000015, 
    43.1700000000015, 43.1900000000015, 43.2100000000015, 43.2300000000015, 
    43.2500000000015, 43.2700000000015, 43.2900000000015, 43.3100000000015, 
    43.3300000000015, 43.3500000000015, 43.3700000000015, 43.3900000000015, 
    43.4100000000015, 43.4300000000015, 43.4500000000015, 43.4700000000015, 
    43.4900000000015, 43.5100000000015, 43.5300000000016, 43.5500000000016, 
    43.5700000000016, 43.5900000000016, 43.6100000000016, 43.6300000000016, 
    43.6500000000016, 43.6700000000016, 43.6900000000016, 43.7100000000016, 
    43.7300000000016, 43.7500000000016, 43.7700000000016, 43.7900000000016, 
    43.8100000000016, 43.8300000000016, 43.8500000000016, 43.8700000000016, 
    43.8900000000016, 43.9100000000016, 43.9300000000016, 43.9500000000016, 
    43.9700000000016, 43.9900000000016, 44.0100000000016, 44.0300000000016, 
    44.0500000000016, 44.0700000000016, 44.0900000000016, 44.1100000000016, 
    44.1300000000016, 44.1500000000016, 44.1700000000017, 44.1900000000017, 
    44.2100000000017, 44.2300000000017, 44.2500000000017, 44.2700000000017, 
    44.2900000000017, 44.3100000000017, 44.3300000000017, 44.3500000000017, 
    44.3700000000017, 44.3900000000017, 44.4100000000017, 44.4300000000017, 
    44.4500000000017, 44.4700000000017, 44.4900000000017, 44.5100000000017, 
    44.5300000000017, 44.5500000000017, 44.5700000000017, 44.5900000000017, 
    44.6100000000017, 44.6300000000017, 44.6500000000017, 44.6700000000017, 
    44.6900000000017, 44.7100000000017, 44.7300000000017, 44.7500000000017, 
    44.7700000000017, 44.7900000000017, 44.8100000000018, 44.8300000000018, 
    44.8500000000018, 44.8700000000018, 44.8900000000018, 44.9100000000018, 
    44.9300000000018, 44.9500000000018, 44.9700000000018, 44.9900000000018, 
    45.0100000000018, 45.0300000000018, 45.0500000000018, 45.0700000000018, 
    45.0900000000018, 45.1100000000018, 45.1300000000018, 45.1500000000018, 
    45.1700000000018, 45.1900000000018, 45.2100000000018, 45.2300000000018, 
    45.2500000000018, 45.2700000000018, 45.2900000000018, 45.3100000000018, 
    45.3300000000018, 45.3500000000018, 45.3700000000018, 45.3900000000018, 
    45.4100000000018, 45.4300000000018, 45.4500000000019, 45.4700000000019, 
    45.4900000000019, 45.5100000000019, 45.5300000000019, 45.5500000000019, 
    45.5700000000019, 45.5900000000019, 45.6100000000019, 45.6300000000019, 
    45.6500000000019, 45.6700000000019, 45.6900000000019, 45.7100000000019, 
    45.7300000000019, 45.7500000000019, 45.7700000000019, 45.7900000000019, 
    45.8100000000019, 45.8300000000019, 45.8500000000019, 45.8700000000019, 
    45.8900000000019, 45.9100000000019, 45.9300000000019, 45.9500000000019, 
    45.9700000000019, 45.9900000000019, 46.0100000000019, 46.0300000000019, 
    46.0500000000019, 46.0700000000019, 46.090000000002, 46.110000000002, 
    46.130000000002, 46.150000000002, 46.170000000002, 46.190000000002, 
    46.210000000002, 46.230000000002, 46.250000000002, 46.270000000002, 
    46.290000000002, 46.310000000002, 46.330000000002, 46.350000000002, 
    46.370000000002, 46.390000000002, 46.410000000002, 46.430000000002, 
    46.450000000002, 46.470000000002, 46.490000000002, 46.510000000002, 
    46.530000000002, 46.550000000002, 46.570000000002, 46.590000000002, 
    46.610000000002, 46.630000000002, 46.650000000002, 46.670000000002, 
    46.690000000002, 46.710000000002, 46.7300000000021, 46.7500000000021, 
    46.7700000000021, 46.7900000000021, 46.8100000000021, 46.8300000000021, 
    46.8500000000021, 46.8700000000021, 46.8900000000021, 46.9100000000021, 
    46.9300000000021, 46.9500000000021, 46.9700000000021, 46.9900000000021, 
    47.0100000000021, 47.0300000000021, 47.0500000000021, 47.0700000000021, 
    47.0900000000021, 47.1100000000021, 47.1300000000021, 47.1500000000021, 
    47.1700000000021, 47.1900000000021, 47.2100000000021, 47.2300000000021, 
    47.2500000000021, 47.2700000000021, 47.2900000000021, 47.3100000000021, 
    47.3300000000021, 47.3500000000021, 47.3700000000022, 47.3900000000022, 
    47.4100000000022, 47.4300000000022, 47.4500000000022, 47.4700000000022, 
    47.4900000000022, 47.5100000000022, 47.5300000000022, 47.5500000000022, 
    47.5700000000022, 47.5900000000022, 47.6100000000022, 47.6300000000022, 
    47.6500000000022, 47.6700000000022, 47.6900000000022, 47.7100000000022, 
    47.7300000000022, 47.7500000000022, 47.7700000000022, 47.7900000000022, 
    47.8100000000022, 47.8300000000022, 47.8500000000022, 47.8700000000022, 
    47.8900000000022, 47.9100000000022, 47.9300000000022, 47.9500000000022, 
    47.9700000000022, 47.9900000000022, 48.0100000000023, 48.0300000000023, 
    48.0500000000023, 48.0700000000023, 48.0900000000023, 48.1100000000023, 
    48.1300000000023, 48.1500000000023, 48.1700000000023, 48.1900000000023, 
    48.2100000000023, 48.2300000000023, 48.2500000000023, 48.2700000000023, 
    48.2900000000023, 48.3100000000023, 48.3300000000023, 48.3500000000023, 
    48.3700000000023, 48.3900000000023, 48.4100000000023, 48.4300000000023, 
    48.4500000000023, 48.4700000000023, 48.4900000000023, 48.5100000000023, 
    48.5300000000023, 48.5500000000023, 48.5700000000023, 48.5900000000023, 
    48.6100000000023, 48.6300000000023, 48.6500000000024, 48.6700000000024, 
    48.6900000000024, 48.7100000000024, 48.7300000000024, 48.7500000000024, 
    48.7700000000024, 48.7900000000024, 48.8100000000024, 48.8300000000024, 
    48.8500000000024, 48.8700000000024, 48.8900000000024, 48.9100000000024, 
    48.9300000000024, 48.9500000000024, 48.9700000000024, 48.9900000000024, 
    49.0100000000024, 49.0300000000024, 49.0500000000024, 49.0700000000024, 
    49.0900000000024, 49.1100000000024, 49.1300000000024, 49.1500000000024, 
    49.1700000000024, 49.1900000000024, 49.2100000000024, 49.2300000000024, 
    49.2500000000024, 49.2700000000024, 49.2900000000025, 49.3100000000025, 
    49.3300000000025, 49.3500000000025, 49.3700000000025, 49.3900000000025, 
    49.4100000000025, 49.4300000000025, 49.4500000000025, 49.4700000000025, 
    49.4900000000025, 49.5100000000025, 49.5300000000025, 49.5500000000025, 
    49.5700000000025, 49.5900000000025, 49.6100000000025, 49.6300000000025, 
    49.6500000000025, 49.6700000000025, 49.6900000000025, 49.7100000000025, 
    49.7300000000025, 49.7500000000025, 49.7700000000025, 49.7900000000025, 
    49.8100000000025, 49.8300000000025, 49.8500000000025, 49.8700000000025, 
    49.8900000000025, 49.9100000000025, 49.9300000000026, 49.9500000000026, 
    49.9700000000026, 49.9900000000026, 50.0100000000026, 50.0300000000026, 
    50.0500000000026, 50.0700000000026, 50.0900000000026, 50.1100000000026, 
    50.1300000000026, 50.1500000000026, 50.1700000000026, 50.1900000000026, 
    50.2100000000026, 50.2300000000026, 50.2500000000026, 50.2700000000026, 
    50.2900000000026, 50.3100000000026, 50.3300000000026, 50.3500000000026, 
    50.3700000000026, 50.3900000000026, 50.4100000000026, 50.4300000000026, 
    50.4500000000026, 50.4700000000026, 50.4900000000026, 50.5100000000026, 
    50.5300000000026, 50.5500000000026, 50.5700000000027, 50.5900000000027, 
    50.6100000000027, 50.6300000000027, 50.6500000000027, 50.6700000000027, 
    50.6900000000027, 50.7100000000027, 50.7300000000027, 50.7500000000027, 
    50.7700000000027, 50.7900000000027, 50.8100000000027, 50.8300000000027, 
    50.8500000000027, 50.8700000000027, 50.8900000000027, 50.9100000000027, 
    50.9300000000027, 50.9500000000027, 50.9700000000027, 50.9900000000027, 
    51.0100000000027, 51.0300000000027, 51.0500000000027, 51.0700000000027, 
    51.0900000000027, 51.1100000000027, 51.1300000000027, 51.1500000000027, 
    51.1700000000027, 51.1900000000027, 51.2100000000028, 51.2300000000028, 
    51.2500000000028, 51.2700000000028, 51.2900000000028, 51.3100000000028, 
    51.3300000000028, 51.3500000000028, 51.3700000000028, 51.3900000000028, 
    51.4100000000028, 51.4300000000028, 51.4500000000028, 51.4700000000028, 
    51.4900000000028, 51.5100000000028, 51.5300000000028, 51.5500000000028, 
    51.5700000000028, 51.5900000000028, 51.6100000000028, 51.6300000000028, 
    51.6500000000028, 51.6700000000028, 51.6900000000028, 51.7100000000028, 
    51.7300000000028, 51.7500000000028, 51.7700000000028, 51.7900000000028, 
    51.8100000000028, 51.8300000000028, 51.8500000000029, 51.8700000000029, 
    51.8900000000029, 51.9100000000029, 51.9300000000029, 51.9500000000029, 
    51.9700000000029, 51.9900000000029, 52.0100000000029, 52.0300000000029 ;
}
