netcdf nc_v {
dimensions:
	lon = 1423 ;
	lat = 1604 ;
	depth = 60 ;
	time = UNLIMITED ; // (1 currently)
variables:
	double lon(lon) ;
		lon:axis = "X" ;
		lon:units = "degrees_east" ;
	double lat(lat) ;
		lat:axis = "Y" ;
		lat:units = "degrees_north" ;
	double depth(depth) ;
		depth:axis = "Z" ;
		depth:units = "m" ;
	double time(time) ;
		time:units = "days since 2010-07-01 00:00:00" ;
		time:axis = "T" ;
	float vo(time, depth, lat, lon) ;
		vo:missing_value = -9.99e+33f ;
		vo:_FillValue = -9.99e+33f ;
data:

 lon = 116.954545454545, 116.984848484848, 117.015151515152, 
    117.045454545455, 117.075757575758, 117.106060606061, 117.136363636364, 
    117.166666666667, 117.19696969697, 117.227272727273, 117.257575757576, 
    117.287878787879, 117.318181818182, 117.348484848485, 117.378787878788, 
    117.409090909091, 117.439393939394, 117.469696969697, 117.5, 
    117.530303030303, 117.560606060606, 117.590909090909, 117.621212121212, 
    117.651515151515, 117.681818181818, 117.712121212121, 117.742424242424, 
    117.772727272727, 117.80303030303, 117.833333333333, 117.863636363636, 
    117.893939393939, 117.924242424242, 117.954545454545, 117.984848484849, 
    118.015151515152, 118.045454545455, 118.075757575758, 118.106060606061, 
    118.136363636364, 118.166666666667, 118.19696969697, 118.227272727273, 
    118.257575757576, 118.287878787879, 118.318181818182, 118.348484848485, 
    118.378787878788, 118.409090909091, 118.439393939394, 118.469696969697, 
    118.5, 118.530303030303, 118.560606060606, 118.590909090909, 
    118.621212121212, 118.651515151515, 118.681818181818, 118.712121212121, 
    118.742424242424, 118.772727272727, 118.80303030303, 118.833333333333, 
    118.863636363636, 118.893939393939, 118.924242424242, 118.954545454546, 
    118.984848484849, 119.015151515152, 119.045454545455, 119.075757575758, 
    119.106060606061, 119.136363636364, 119.166666666667, 119.19696969697, 
    119.227272727273, 119.257575757576, 119.287878787879, 119.318181818182, 
    119.348484848485, 119.378787878788, 119.409090909091, 119.439393939394, 
    119.469696969697, 119.5, 119.530303030303, 119.560606060606, 
    119.590909090909, 119.621212121212, 119.651515151515, 119.681818181818, 
    119.712121212121, 119.742424242424, 119.772727272727, 119.80303030303, 
    119.833333333333, 119.863636363636, 119.893939393939, 119.924242424243, 
    119.954545454546, 119.984848484849, 120.015151515152, 120.045454545455, 
    120.075757575758, 120.106060606061, 120.136363636364, 120.166666666667, 
    120.19696969697, 120.227272727273, 120.257575757576, 120.287878787879, 
    120.318181818182, 120.348484848485, 120.378787878788, 120.409090909091, 
    120.439393939394, 120.469696969697, 120.5, 120.530303030303, 
    120.560606060606, 120.590909090909, 120.621212121212, 120.651515151515, 
    120.681818181818, 120.712121212121, 120.742424242424, 120.772727272727, 
    120.80303030303, 120.833333333333, 120.863636363636, 120.89393939394, 
    120.924242424243, 120.954545454546, 120.984848484849, 121.015151515152, 
    121.045454545455, 121.075757575758, 121.106060606061, 121.136363636364, 
    121.166666666667, 121.19696969697, 121.227272727273, 121.257575757576, 
    121.287878787879, 121.318181818182, 121.348484848485, 121.378787878788, 
    121.409090909091, 121.439393939394, 121.469696969697, 121.5, 
    121.530303030303, 121.560606060606, 121.590909090909, 121.621212121212, 
    121.651515151515, 121.681818181818, 121.712121212121, 121.742424242424, 
    121.772727272727, 121.80303030303, 121.833333333333, 121.863636363637, 
    121.89393939394, 121.924242424243, 121.954545454546, 121.984848484849, 
    122.015151515152, 122.045454545455, 122.075757575758, 122.106060606061, 
    122.136363636364, 122.166666666667, 122.19696969697, 122.227272727273, 
    122.257575757576, 122.287878787879, 122.318181818182, 122.348484848485, 
    122.378787878788, 122.409090909091, 122.439393939394, 122.469696969697, 
    122.5, 122.530303030303, 122.560606060606, 122.590909090909, 
    122.621212121212, 122.651515151515, 122.681818181818, 122.712121212121, 
    122.742424242424, 122.772727272727, 122.80303030303, 122.833333333333, 
    122.863636363637, 122.89393939394, 122.924242424243, 122.954545454546, 
    122.984848484849, 123.015151515152, 123.045454545455, 123.075757575758, 
    123.106060606061, 123.136363636364, 123.166666666667, 123.19696969697, 
    123.227272727273, 123.257575757576, 123.287878787879, 123.318181818182, 
    123.348484848485, 123.378787878788, 123.409090909091, 123.439393939394, 
    123.469696969697, 123.5, 123.530303030303, 123.560606060606, 
    123.590909090909, 123.621212121212, 123.651515151515, 123.681818181818, 
    123.712121212121, 123.742424242424, 123.772727272727, 123.80303030303, 
    123.833333333334, 123.863636363637, 123.89393939394, 123.924242424243, 
    123.954545454546, 123.984848484849, 124.015151515152, 124.045454545455, 
    124.075757575758, 124.106060606061, 124.136363636364, 124.166666666667, 
    124.19696969697, 124.227272727273, 124.257575757576, 124.287878787879, 
    124.318181818182, 124.348484848485, 124.378787878788, 124.409090909091, 
    124.439393939394, 124.469696969697, 124.5, 124.530303030303, 
    124.560606060606, 124.590909090909, 124.621212121212, 124.651515151515, 
    124.681818181818, 124.712121212121, 124.742424242424, 124.772727272727, 
    124.803030303031, 124.833333333334, 124.863636363637, 124.89393939394, 
    124.924242424243, 124.954545454546, 124.984848484849, 125.015151515152, 
    125.045454545455, 125.075757575758, 125.106060606061, 125.136363636364, 
    125.166666666667, 125.19696969697, 125.227272727273, 125.257575757576, 
    125.287878787879, 125.318181818182, 125.348484848485, 125.378787878788, 
    125.409090909091, 125.439393939394, 125.469696969697, 125.5, 
    125.530303030303, 125.560606060606, 125.590909090909, 125.621212121212, 
    125.651515151515, 125.681818181818, 125.712121212121, 125.742424242424, 
    125.772727272728, 125.803030303031, 125.833333333334, 125.863636363637, 
    125.89393939394, 125.924242424243, 125.954545454546, 125.984848484849, 
    126.015151515152, 126.045454545455, 126.075757575758, 126.106060606061, 
    126.136363636364, 126.166666666667, 126.19696969697, 126.227272727273, 
    126.257575757576, 126.287878787879, 126.318181818182, 126.348484848485, 
    126.378787878788, 126.409090909091, 126.439393939394, 126.469696969697, 
    126.5, 126.530303030303, 126.560606060606, 126.590909090909, 
    126.621212121212, 126.651515151515, 126.681818181818, 126.712121212121, 
    126.742424242425, 126.772727272728, 126.803030303031, 126.833333333334, 
    126.863636363637, 126.89393939394, 126.924242424243, 126.954545454546, 
    126.984848484849, 127.015151515152, 127.045454545455, 127.075757575758, 
    127.106060606061, 127.136363636364, 127.166666666667, 127.19696969697, 
    127.227272727273, 127.257575757576, 127.287878787879, 127.318181818182, 
    127.348484848485, 127.378787878788, 127.409090909091, 127.439393939394, 
    127.469696969697, 127.5, 127.530303030303, 127.560606060606, 
    127.590909090909, 127.621212121212, 127.651515151515, 127.681818181818, 
    127.712121212122, 127.742424242425, 127.772727272728, 127.803030303031, 
    127.833333333334, 127.863636363637, 127.89393939394, 127.924242424243, 
    127.954545454546, 127.984848484849, 128.015151515152, 128.045454545455, 
    128.075757575758, 128.106060606061, 128.136363636364, 128.166666666667, 
    128.19696969697, 128.227272727273, 128.257575757576, 128.287878787879, 
    128.318181818182, 128.348484848485, 128.378787878788, 128.409090909091, 
    128.439393939394, 128.469696969697, 128.5, 128.530303030303, 
    128.560606060606, 128.590909090909, 128.621212121212, 128.651515151515, 
    128.681818181818, 128.712121212122, 128.742424242425, 128.772727272728, 
    128.803030303031, 128.833333333334, 128.863636363637, 128.89393939394, 
    128.924242424243, 128.954545454546, 128.984848484849, 129.015151515152, 
    129.045454545455, 129.075757575758, 129.106060606061, 129.136363636364, 
    129.166666666667, 129.19696969697, 129.227272727273, 129.257575757576, 
    129.287878787879, 129.318181818182, 129.348484848485, 129.378787878788, 
    129.409090909091, 129.439393939394, 129.469696969697, 129.5, 
    129.530303030303, 129.560606060606, 129.590909090909, 129.621212121212, 
    129.651515151515, 129.681818181819, 129.712121212122, 129.742424242425, 
    129.772727272728, 129.803030303031, 129.833333333334, 129.863636363637, 
    129.89393939394, 129.924242424243, 129.954545454546, 129.984848484849, 
    130.015151515152, 130.045454545455, 130.075757575758, 130.106060606061, 
    130.136363636364, 130.166666666667, 130.19696969697, 130.227272727273, 
    130.257575757576, 130.287878787879, 130.318181818182, 130.348484848485, 
    130.378787878788, 130.409090909091, 130.439393939394, 130.469696969697, 
    130.5, 130.530303030303, 130.560606060606, 130.590909090909, 
    130.621212121212, 130.651515151516, 130.681818181819, 130.712121212122, 
    130.742424242425, 130.772727272728, 130.803030303031, 130.833333333334, 
    130.863636363637, 130.89393939394, 130.924242424243, 130.954545454546, 
    130.984848484849, 131.015151515152, 131.045454545455, 131.075757575758, 
    131.106060606061, 131.136363636364, 131.166666666667, 131.19696969697, 
    131.227272727273, 131.257575757576, 131.287878787879, 131.318181818182, 
    131.348484848485, 131.378787878788, 131.409090909091, 131.439393939394, 
    131.469696969697, 131.5, 131.530303030303, 131.560606060606, 
    131.590909090909, 131.621212121213, 131.651515151516, 131.681818181819, 
    131.712121212122, 131.742424242425, 131.772727272728, 131.803030303031, 
    131.833333333334, 131.863636363637, 131.89393939394, 131.924242424243, 
    131.954545454546, 131.984848484849, 132.015151515152, 132.045454545455, 
    132.075757575758, 132.106060606061, 132.136363636364, 132.166666666667, 
    132.19696969697, 132.227272727273, 132.257575757576, 132.287878787879, 
    132.318181818182, 132.348484848485, 132.378787878788, 132.409090909091, 
    132.439393939394, 132.469696969697, 132.5, 132.530303030303, 
    132.560606060606, 132.59090909091, 132.621212121213, 132.651515151516, 
    132.681818181819, 132.712121212122, 132.742424242425, 132.772727272728, 
    132.803030303031, 132.833333333334, 132.863636363637, 132.89393939394, 
    132.924242424243, 132.954545454546, 132.984848484849, 133.015151515152, 
    133.045454545455, 133.075757575758, 133.106060606061, 133.136363636364, 
    133.166666666667, 133.19696969697, 133.227272727273, 133.257575757576, 
    133.287878787879, 133.318181818182, 133.348484848485, 133.378787878788, 
    133.409090909091, 133.439393939394, 133.469696969697, 133.5, 
    133.530303030303, 133.560606060607, 133.59090909091, 133.621212121213, 
    133.651515151516, 133.681818181819, 133.712121212122, 133.742424242425, 
    133.772727272728, 133.803030303031, 133.833333333334, 133.863636363637, 
    133.89393939394, 133.924242424243, 133.954545454546, 133.984848484849, 
    134.015151515152, 134.045454545455, 134.075757575758, 134.106060606061, 
    134.136363636364, 134.166666666667, 134.19696969697, 134.227272727273, 
    134.257575757576, 134.287878787879, 134.318181818182, 134.348484848485, 
    134.378787878788, 134.409090909091, 134.439393939394, 134.469696969697, 
    134.5, 134.530303030304, 134.560606060607, 134.59090909091, 
    134.621212121213, 134.651515151516, 134.681818181819, 134.712121212122, 
    134.742424242425, 134.772727272728, 134.803030303031, 134.833333333334, 
    134.863636363637, 134.89393939394, 134.924242424243, 134.954545454546, 
    134.984848484849, 135.015151515152, 135.045454545455, 135.075757575758, 
    135.106060606061, 135.136363636364, 135.166666666667, 135.19696969697, 
    135.227272727273, 135.257575757576, 135.287878787879, 135.318181818182, 
    135.348484848485, 135.378787878788, 135.409090909091, 135.439393939394, 
    135.469696969697, 135.500000000001, 135.530303030304, 135.560606060607, 
    135.59090909091, 135.621212121213, 135.651515151516, 135.681818181819, 
    135.712121212122, 135.742424242425, 135.772727272728, 135.803030303031, 
    135.833333333334, 135.863636363637, 135.89393939394, 135.924242424243, 
    135.954545454546, 135.984848484849, 136.015151515152, 136.045454545455, 
    136.075757575758, 136.106060606061, 136.136363636364, 136.166666666667, 
    136.19696969697, 136.227272727273, 136.257575757576, 136.287878787879, 
    136.318181818182, 136.348484848485, 136.378787878788, 136.409090909091, 
    136.439393939394, 136.469696969698, 136.500000000001, 136.530303030304, 
    136.560606060607, 136.59090909091, 136.621212121213, 136.651515151516, 
    136.681818181819, 136.712121212122, 136.742424242425, 136.772727272728, 
    136.803030303031, 136.833333333334, 136.863636363637, 136.89393939394, 
    136.924242424243, 136.954545454546, 136.984848484849, 137.015151515152, 
    137.045454545455, 137.075757575758, 137.106060606061, 137.136363636364, 
    137.166666666667, 137.19696969697, 137.227272727273, 137.257575757576, 
    137.287878787879, 137.318181818182, 137.348484848485, 137.378787878788, 
    137.409090909091, 137.439393939395, 137.469696969698, 137.500000000001, 
    137.530303030304, 137.560606060607, 137.59090909091, 137.621212121213, 
    137.651515151516, 137.681818181819, 137.712121212122, 137.742424242425, 
    137.772727272728, 137.803030303031, 137.833333333334, 137.863636363637, 
    137.89393939394, 137.924242424243, 137.954545454546, 137.984848484849, 
    138.015151515152, 138.045454545455, 138.075757575758, 138.106060606061, 
    138.136363636364, 138.166666666667, 138.19696969697, 138.227272727273, 
    138.257575757576, 138.287878787879, 138.318181818182, 138.348484848485, 
    138.378787878788, 138.409090909092, 138.439393939395, 138.469696969698, 
    138.500000000001, 138.530303030304, 138.560606060607, 138.59090909091, 
    138.621212121213, 138.651515151516, 138.681818181819, 138.712121212122, 
    138.742424242425, 138.772727272728, 138.803030303031, 138.833333333334, 
    138.863636363637, 138.89393939394, 138.924242424243, 138.954545454546, 
    138.984848484849, 139.015151515152, 139.045454545455, 139.075757575758, 
    139.106060606061, 139.136363636364, 139.166666666667, 139.19696969697, 
    139.227272727273, 139.257575757576, 139.287878787879, 139.318181818182, 
    139.348484848485, 139.378787878789, 139.409090909092, 139.439393939395, 
    139.469696969698, 139.500000000001, 139.530303030304, 139.560606060607, 
    139.59090909091, 139.621212121213, 139.651515151516, 139.681818181819, 
    139.712121212122, 139.742424242425, 139.772727272728, 139.803030303031, 
    139.833333333334, 139.863636363637, 139.89393939394, 139.924242424243, 
    139.954545454546, 139.984848484849, 140.015151515152, 140.045454545455, 
    140.075757575758, 140.106060606061, 140.136363636364, 140.166666666667, 
    140.19696969697, 140.227272727273, 140.257575757576, 140.287878787879, 
    140.318181818182, 140.348484848485, 140.378787878789, 140.409090909092, 
    140.439393939395, 140.469696969698, 140.500000000001, 140.530303030304, 
    140.560606060607, 140.59090909091, 140.621212121213, 140.651515151516, 
    140.681818181819, 140.712121212122, 140.742424242425, 140.772727272728, 
    140.803030303031, 140.833333333334, 140.863636363637, 140.89393939394, 
    140.924242424243, 140.954545454546, 140.984848484849, 141.015151515152, 
    141.045454545455, 141.075757575758, 141.106060606061, 141.136363636364, 
    141.166666666667, 141.19696969697, 141.227272727273, 141.257575757576, 
    141.287878787879, 141.318181818182, 141.348484848486, 141.378787878789, 
    141.409090909092, 141.439393939395, 141.469696969698, 141.500000000001, 
    141.530303030304, 141.560606060607, 141.59090909091, 141.621212121213, 
    141.651515151516, 141.681818181819, 141.712121212122, 141.742424242425, 
    141.772727272728, 141.803030303031, 141.833333333334, 141.863636363637, 
    141.89393939394, 141.924242424243, 141.954545454546, 141.984848484849, 
    142.015151515152, 142.045454545455, 142.075757575758, 142.106060606061, 
    142.136363636364, 142.166666666667, 142.19696969697, 142.227272727273, 
    142.257575757576, 142.287878787879, 142.318181818183, 142.348484848486, 
    142.378787878789, 142.409090909092, 142.439393939395, 142.469696969698, 
    142.500000000001, 142.530303030304, 142.560606060607, 142.59090909091, 
    142.621212121213, 142.651515151516, 142.681818181819, 142.712121212122, 
    142.742424242425, 142.772727272728, 142.803030303031, 142.833333333334, 
    142.863636363637, 142.89393939394, 142.924242424243, 142.954545454546, 
    142.984848484849, 143.015151515152, 143.045454545455, 143.075757575758, 
    143.106060606061, 143.136363636364, 143.166666666667, 143.19696969697, 
    143.227272727273, 143.257575757576, 143.28787878788, 143.318181818183, 
    143.348484848486, 143.378787878789, 143.409090909092, 143.439393939395, 
    143.469696969698, 143.500000000001, 143.530303030304, 143.560606060607, 
    143.59090909091, 143.621212121213, 143.651515151516, 143.681818181819, 
    143.712121212122, 143.742424242425, 143.772727272728, 143.803030303031, 
    143.833333333334, 143.863636363637, 143.89393939394, 143.924242424243, 
    143.954545454546, 143.984848484849, 144.015151515152, 144.045454545455, 
    144.075757575758, 144.106060606061, 144.136363636364, 144.166666666667, 
    144.19696969697, 144.227272727273, 144.257575757577, 144.28787878788, 
    144.318181818183, 144.348484848486, 144.378787878789, 144.409090909092, 
    144.439393939395, 144.469696969698, 144.500000000001, 144.530303030304, 
    144.560606060607, 144.59090909091, 144.621212121213, 144.651515151516, 
    144.681818181819, 144.712121212122, 144.742424242425, 144.772727272728, 
    144.803030303031, 144.833333333334, 144.863636363637, 144.89393939394, 
    144.924242424243, 144.954545454546, 144.984848484849, 145.015151515152, 
    145.045454545455, 145.075757575758, 145.106060606061, 145.136363636364, 
    145.166666666667, 145.19696969697, 145.227272727274, 145.257575757577, 
    145.28787878788, 145.318181818183, 145.348484848486, 145.378787878789, 
    145.409090909092, 145.439393939395, 145.469696969698, 145.500000000001, 
    145.530303030304, 145.560606060607, 145.59090909091, 145.621212121213, 
    145.651515151516, 145.681818181819, 145.712121212122, 145.742424242425, 
    145.772727272728, 145.803030303031, 145.833333333334, 145.863636363637, 
    145.89393939394, 145.924242424243, 145.954545454546, 145.984848484849, 
    146.015151515152, 146.045454545455, 146.075757575758, 146.106060606061, 
    146.136363636364, 146.166666666667, 146.196969696971, 146.227272727274, 
    146.257575757577, 146.28787878788, 146.318181818183, 146.348484848486, 
    146.378787878789, 146.409090909092, 146.439393939395, 146.469696969698, 
    146.500000000001, 146.530303030304, 146.560606060607, 146.59090909091, 
    146.621212121213, 146.651515151516, 146.681818181819, 146.712121212122, 
    146.742424242425, 146.772727272728, 146.803030303031, 146.833333333334, 
    146.863636363637, 146.89393939394, 146.924242424243, 146.954545454546, 
    146.984848484849, 147.015151515152, 147.045454545455, 147.075757575758, 
    147.106060606061, 147.136363636364, 147.166666666668, 147.196969696971, 
    147.227272727274, 147.257575757577, 147.28787878788, 147.318181818183, 
    147.348484848486, 147.378787878789, 147.409090909092, 147.439393939395, 
    147.469696969698, 147.500000000001, 147.530303030304, 147.560606060607, 
    147.59090909091, 147.621212121213, 147.651515151516, 147.681818181819, 
    147.712121212122, 147.742424242425, 147.772727272728, 147.803030303031, 
    147.833333333334, 147.863636363637, 147.89393939394, 147.924242424243, 
    147.954545454546, 147.984848484849, 148.015151515152, 148.045454545455, 
    148.075757575758, 148.106060606061, 148.136363636365, 148.166666666668, 
    148.196969696971, 148.227272727274, 148.257575757577, 148.28787878788, 
    148.318181818183, 148.348484848486, 148.378787878789, 148.409090909092, 
    148.439393939395, 148.469696969698, 148.500000000001, 148.530303030304, 
    148.560606060607, 148.59090909091, 148.621212121213, 148.651515151516, 
    148.681818181819, 148.712121212122, 148.742424242425, 148.772727272728, 
    148.803030303031, 148.833333333334, 148.863636363637, 148.89393939394, 
    148.924242424243, 148.954545454546, 148.984848484849, 149.015151515152, 
    149.045454545455, 149.075757575758, 149.106060606062, 149.136363636365, 
    149.166666666668, 149.196969696971, 149.227272727274, 149.257575757577, 
    149.28787878788, 149.318181818183, 149.348484848486, 149.378787878789, 
    149.409090909092, 149.439393939395, 149.469696969698, 149.500000000001, 
    149.530303030304, 149.560606060607, 149.59090909091, 149.621212121213, 
    149.651515151516, 149.681818181819, 149.712121212122, 149.742424242425, 
    149.772727272728, 149.803030303031, 149.833333333334, 149.863636363637, 
    149.89393939394, 149.924242424243, 149.954545454546, 149.984848484849, 
    150.015151515152, 150.045454545455, 150.075757575759, 150.106060606062, 
    150.136363636365, 150.166666666668, 150.196969696971, 150.227272727274, 
    150.257575757577, 150.28787878788, 150.318181818183, 150.348484848486, 
    150.378787878789, 150.409090909092, 150.439393939395, 150.469696969698, 
    150.500000000001, 150.530303030304, 150.560606060607, 150.59090909091, 
    150.621212121213, 150.651515151516, 150.681818181819, 150.712121212122, 
    150.742424242425, 150.772727272728, 150.803030303031, 150.833333333334, 
    150.863636363637, 150.89393939394, 150.924242424243, 150.954545454546, 
    150.984848484849, 151.015151515152, 151.045454545455, 151.075757575759, 
    151.106060606062, 151.136363636365, 151.166666666668, 151.196969696971, 
    151.227272727274, 151.257575757577, 151.28787878788, 151.318181818183, 
    151.348484848486, 151.378787878789, 151.409090909092, 151.439393939395, 
    151.469696969698, 151.500000000001, 151.530303030304, 151.560606060607, 
    151.59090909091, 151.621212121213, 151.651515151516, 151.681818181819, 
    151.712121212122, 151.742424242425, 151.772727272728, 151.803030303031, 
    151.833333333334, 151.863636363637, 151.89393939394, 151.924242424243, 
    151.954545454546, 151.984848484849, 152.015151515152, 152.045454545456, 
    152.075757575759, 152.106060606062, 152.136363636365, 152.166666666668, 
    152.196969696971, 152.227272727274, 152.257575757577, 152.28787878788, 
    152.318181818183, 152.348484848486, 152.378787878789, 152.409090909092, 
    152.439393939395, 152.469696969698, 152.500000000001, 152.530303030304, 
    152.560606060607, 152.59090909091, 152.621212121213, 152.651515151516, 
    152.681818181819, 152.712121212122, 152.742424242425, 152.772727272728, 
    152.803030303031, 152.833333333334, 152.863636363637, 152.89393939394, 
    152.924242424243, 152.954545454546, 152.984848484849, 153.015151515153, 
    153.045454545456, 153.075757575759, 153.106060606062, 153.136363636365, 
    153.166666666668, 153.196969696971, 153.227272727274, 153.257575757577, 
    153.28787878788, 153.318181818183, 153.348484848486, 153.378787878789, 
    153.409090909092, 153.439393939395, 153.469696969698, 153.500000000001, 
    153.530303030304, 153.560606060607, 153.59090909091, 153.621212121213, 
    153.651515151516, 153.681818181819, 153.712121212122, 153.742424242425, 
    153.772727272728, 153.803030303031, 153.833333333334, 153.863636363637, 
    153.89393939394, 153.924242424243, 153.954545454546, 153.98484848485, 
    154.015151515153, 154.045454545456, 154.075757575759, 154.106060606062, 
    154.136363636365, 154.166666666668, 154.196969696971, 154.227272727274, 
    154.257575757577, 154.28787878788, 154.318181818183, 154.348484848486, 
    154.378787878789, 154.409090909092, 154.439393939395, 154.469696969698, 
    154.500000000001, 154.530303030304, 154.560606060607, 154.59090909091, 
    154.621212121213, 154.651515151516, 154.681818181819, 154.712121212122, 
    154.742424242425, 154.772727272728, 154.803030303031, 154.833333333334, 
    154.863636363637, 154.89393939394, 154.924242424243, 154.954545454547, 
    154.98484848485, 155.015151515153, 155.045454545456, 155.075757575759, 
    155.106060606062, 155.136363636365, 155.166666666668, 155.196969696971, 
    155.227272727274, 155.257575757577, 155.28787878788, 155.318181818183, 
    155.348484848486, 155.378787878789, 155.409090909092, 155.439393939395, 
    155.469696969698, 155.500000000001, 155.530303030304, 155.560606060607, 
    155.59090909091, 155.621212121213, 155.651515151516, 155.681818181819, 
    155.712121212122, 155.742424242425, 155.772727272728, 155.803030303031, 
    155.833333333334, 155.863636363637, 155.89393939394, 155.924242424244, 
    155.954545454547, 155.98484848485, 156.015151515153, 156.045454545456, 
    156.075757575759, 156.106060606062, 156.136363636365, 156.166666666668, 
    156.196969696971, 156.227272727274, 156.257575757577, 156.28787878788, 
    156.318181818183, 156.348484848486, 156.378787878789, 156.409090909092, 
    156.439393939395, 156.469696969698, 156.500000000001, 156.530303030304, 
    156.560606060607, 156.59090909091, 156.621212121213, 156.651515151516, 
    156.681818181819, 156.712121212122, 156.742424242425, 156.772727272728, 
    156.803030303031, 156.833333333334, 156.863636363637, 156.893939393941, 
    156.924242424244, 156.954545454547, 156.98484848485, 157.015151515153, 
    157.045454545456, 157.075757575759, 157.106060606062, 157.136363636365, 
    157.166666666668, 157.196969696971, 157.227272727274, 157.257575757577, 
    157.28787878788, 157.318181818183, 157.348484848486, 157.378787878789, 
    157.409090909092, 157.439393939395, 157.469696969698, 157.500000000001, 
    157.530303030304, 157.560606060607, 157.59090909091, 157.621212121213, 
    157.651515151516, 157.681818181819, 157.712121212122, 157.742424242425, 
    157.772727272728, 157.803030303031, 157.833333333334, 157.863636363638, 
    157.893939393941, 157.924242424244, 157.954545454547, 157.98484848485, 
    158.015151515153, 158.045454545456, 158.075757575759, 158.106060606062, 
    158.136363636365, 158.166666666668, 158.196969696971, 158.227272727274, 
    158.257575757577, 158.28787878788, 158.318181818183, 158.348484848486, 
    158.378787878789, 158.409090909092, 158.439393939395, 158.469696969698, 
    158.500000000001, 158.530303030304, 158.560606060607, 158.59090909091, 
    158.621212121213, 158.651515151516, 158.681818181819, 158.712121212122, 
    158.742424242425, 158.772727272728, 158.803030303031, 158.833333333335, 
    158.863636363638, 158.893939393941, 158.924242424244, 158.954545454547, 
    158.98484848485, 159.015151515153, 159.045454545456, 159.075757575759, 
    159.106060606062, 159.136363636365, 159.166666666668, 159.196969696971, 
    159.227272727274, 159.257575757577, 159.28787878788, 159.318181818183, 
    159.348484848486, 159.378787878789, 159.409090909092, 159.439393939395, 
    159.469696969698, 159.500000000001, 159.530303030304, 159.560606060607, 
    159.59090909091, 159.621212121213, 159.651515151516, 159.681818181819, 
    159.712121212122, 159.742424242425, 159.772727272728, 159.803030303032, 
    159.833333333335, 159.863636363638, 159.893939393941, 159.924242424244, 
    159.954545454547, 159.98484848485, 160.015151515153, 160.045454545456 ;
}
